5000 30
10000 29.3067
15000 31.6667
20000 34.5833
25000 32.5
30000 34.5833
35000 57.0833
40000 59.0267
45000 57.0833
50000 44.86
55000 35.6967
60000 35.5567
65000 35.6933
70000 38.89
75000 38.75
80000 38.6133
85000 38.89
90000 38.89
95000 39.3067
100000 39.1667
105000 39.4433
110000 39.03
115000 38.61
120000 38.89
125000 38.75
130000 39.03
135000 42.0833
140000 41.9467
145000 42.22
150000 41.9433
155000 42.0833
160000 42.0833
165000 41.9467
170000 41.9467
175000 41.8067
180000 41.9433
185000 42.0833
190000 41.9433
195000 41.9433
200000 41.9467
205000 42.64
210000 42.5
215000 41.8067
220000 41.9433
225000 41.8067
230000 41.9467
235000 42.5
240000 41.9433
245000 42.0833
250000 41.9433
255000 41.9433
260000 41.9433
265000 45.2767
270000 45.28
275000 45.1367
280000 45.14
285000 45.14
290000 45.14
295000 45.1367
300000 45.14
305000 45.2767
310000 44.86
315000 45.14
320000 44.86
325000 45.4167
330000 45
335000 45.4167
340000 45.1367
345000 45.14
350000 45.14
355000 45.28
360000 45.14
365000 45
370000 47.5
375000 47.0833
380000 46.6667
385000 47.7767
390000 48.3333
395000 48.3333
400000 46.8067
405000 45.14
410000 45.1367
415000 45
420000 45.1367
425000 45.2767
430000 45.1367
435000 45.5533
440000 45.1367
445000 45.5533
450000 45
455000 45
460000 44.86
465000 45.2767
470000 45.14
475000 45.28
480000 45.1367
485000 45
490000 45
495000 45.2767
500000 45.14
505000 45.2767
510000 45
515000 45.97
520000 45.1367
525000 48.47
530000 48.1933
535000 48.3333
540000 48.1933
545000 48.3333
550000 47.9167
555000 48.4733
560000 56.25
565000 50
570000 50
575000 49.8633
580000 50
585000 49.86
590000 49.7233
595000 50
600000 49.7233
605000 50.2767
610000 49.72
615000 48.0567
620000 47.9167
625000 48.3333
630000 48.1933
635000 48.75
640000 48.1967
645000 48.3333
650000 48.3333
655000 48.3333
660000 47.7767
665000 48.3333
670000 48.3333
675000 48.3333
680000 48.0567
685000 48.4733
690000 48.4733
695000 48.3333
700000 48.1933
705000 48.0567
710000 48.1967
715000 48.1967
720000 48.3333
725000 48.4733
730000 48.75
735000 48.3333
740000 48.3333
745000 48.3333
750000 48.1933
755000 48.47
760000 50.8333
765000 49.8633
770000 50
775000 51.8033
780000 51.9433
785000 51.25
790000 47.9167
795000 59.7233
800000 48.3333
805000 48.1967
810000 48.1967
815000 48.4733
820000 48.1933
825000 48.1967
830000 48.0567
835000 48.0567
840000 48.3333
845000 48.4733
850000 48.1933
855000 48.4733
860000 48.1933
865000 48.3333
870000 48.1967
875000 48.3333
880000 48.3333
885000 48.1933
890000 48.0533
895000 48.8867
900000 48.1967
905000 48.3333
910000 48.75
915000 48.75
920000 48.1933
925000 48.4733
930000 48.1933
935000 48.75
940000 48.3333
945000 48.3333
950000 48.1933
955000 48.47
960000 48.4733
965000 48.6133
970000 48.1933
975000 48.61
980000 48.1967
985000 48.0567
990000 48.3333
995000 48.61
