5000 6.6
10000 12.66
15000 18.8
20000 25.13
25000 31.49
30000 37.69
35000 44.52
40000 50.23
45000 56.46
50000 63.22
55000 69.54
60000 75.98
65000 83.04
70000 88.47
75000 95.17
80000 100.68
85000 108.4
90000 113.24
95000 119.67
100000 125.9
105000 132.01
110000 139.03
115000 145.91
120000 155.57
125000 162.35
130000 169.28
135000 176.42
140000 176
145000 182.17
150000 189.34
155000 195.88
160000 201.47
165000 208.4
170000 214.25
175000 220.16
180000 226.49
185000 232.9
190000 239.58
195000 246.11
200000 251.94
205000 257.85
210000 263.75
215000 270.7
220000 276.4
225000 283.5
230000 289.49
235000 297.44
240000 303
245000 309.26
250000 314.82
255000 322.57
260000 327.71
265000 337.46
270000 340.89
275000 353.84
280000 355.99
285000 359.64
290000 365.34
295000 381.73
300000 378.86
305000 384.32
310000 390.06
315000 395.17
320000 404.03
325000 417.41
330000 425.85
335000 421.69
340000 427.04
345000 459.62
350000 468.48
355000 466.65
360000 466.82
365000 473.12
370000 479.71
375000 494.28
380000 496.66
385000 499.12
390000 505.56
395000 513.91
400000 520.26
405000 524.88
410000 531.5
415000 536.91
420000 526.55
425000 535.24
430000 541.13
435000 560.42
440000 560.9
445000 581.2
450000 585.18
455000 594.97
460000 611.06
465000 584.61
470000 592.99
475000 597.23
480000 606.16
485000 610.89
490000 615.79
495000 621.65
500000 627.93
505000 634.09
510000 642
515000 648.64
520000 653.38
525000 659.71
530000 666.77
535000 671.6
540000 678.85
545000 684.61
550000 691.54
555000 697.28
560000 701.52
565000 710.06
570000 715.97
575000 722.42
580000 729.53
585000 735.87
590000 741.31
595000 756.05
600000 753.02
605000 762.98
610000 767.63
615000 778.02
620000 781.37
625000 784.48
630000 790.28
635000 800.49
640000 802.21
645000 810.23
650000 815.28
655000 821.86
660000 827.57
665000 858.32
670000 879.33
675000 847.4
680000 861.29
685000 860.16
690000 866.28
695000 872.23
700000 879.38
705000 888.13
710000 890.74
715000 895.59
720000 902.45
725000 908.69
730000 916.84
735000 924.83
740000 930.68
745000 933.88
750000 941.35
755000 948.4
760000 954.9
765000 959.66
770000 964.37
775000 971.28
780000 977.77
785000 985.99
790000 993.33
795000 996.65
800000 1005.75
805000 1012.57
810000 1018.42
815000 1021.86
820000 1027.88
825000 1034.07
830000 1057.84
835000 1057.3
840000 1058.45
845000 1060.81
850000 1068.42
855000 1076.2
860000 1086.25
865000 1095.28
870000 1098.87
875000 1096.73
880000 1106.19
885000 1123.48
890000 1121.58
895000 1128.23
900000 1129.88
905000 1136.88
910000 1142.82
915000 1147.24
920000 1152.61
925000 1166.66
930000 1168.96
935000 1172.58
940000 1185.22
945000 1188.28
950000 1198.15
955000 1206.61
960000 1211.16
965000 1219.75
970000 1218.98
975000 1222.43
980000 1227.77
985000 1235.72
990000 1243.6
995000 1248.92
