5000 6.765
10000 12.967
15000 19.155
20000 25.635
25000 32.318
30000 38.471
35000 44.706
40000 51.941
45000 56.86
50000 64.643
55000 70.153
60000 76.464
65000 82.843
70000 88.777
75000 95.415
80000 102.311
85000 108.292
90000 116.187
95000 121.476
100000 129.067
105000 134.472
110000 150.408
115000 156.574
120000 153.403
125000 181.293
130000 169.705
135000 173.074
140000 179.076
145000 185.782
150000 191.295
155000 198.365
160000 211.838
165000 220.632
170000 222.4
175000 227.904
180000 232.449
185000 238.801
190000 243.944
195000 249.199
200000 252.935
205000 258.318
210000 265.648
215000 273.196
220000 276.892
225000 286.885
230000 294.118
235000 300.27
240000 306.818
245000 313.286
250000 317.967
255000 327.043
260000 345.657
265000 355.603
270000 362.921
275000 366.703
280000 367.881
285000 364.983
290000 371.212
295000 378.183
300000 383.153
305000 389.345
310000 416.996
315000 402.671
320000 408.91
325000 423.787
330000 420.448
335000 428.939
340000 435.725
345000 438.791
350000 448.453
355000 460.536
360000 460.515
365000 468.391
370000 484.892
375000 481.719
380000 485.326
385000 497.238
390000 507.132
395000 505.493
400000 511.285
405000 516.589
410000 527.703
415000 614.227
420000 664.707
425000 553.27
430000 554.17
435000 564.169
440000 574.804
445000 570.157
450000 589.053
455000 581.565
460000 590.792
465000 597.41
470000 606.105
475000 611.381
480000 614.509
485000 634.501
490000 629.734
495000 636.23
500000 642.41
