5000 6.357
10000 13.005
15000 19.202
20000 25.313
25000 31.695
30000 38.503
35000 44.396
40000 51.912
45000 58.413
50000 63.967
55000 70.117
60000 76.68
65000 83.038
70000 88.941
75000 97.076
80000 108.782
85000 120.957
90000 117.627
95000 126.084
100000 128.615
105000 134.052
110000 140.53
115000 147.115
120000 153.903
125000 160.226
130000 178.576
135000 172.875
140000 178.877
145000 185.848
150000 191.962
155000 198.52
160000 205.716
165000 211.538
170000 216.458
175000 223.836
180000 232.293
185000 242.587
190000 242.482
195000 250.442
200000 258.019
205000 262.179
210000 268.186
215000 274.775
220000 281.235
225000 287.588
230000 294.078
235000 300.479
240000 306.75
245000 313.868
250000 319.76
255000 325.032
260000 332.876
265000 338.601
270000 349.286
275000 351.742
280000 357.458
285000 363.947
290000 376.767
295000 389.261
300000 383.513
305000 391.35
310000 396.113
315000 409.367
320000 412.662
325000 416.55
330000 421.975
335000 428.549
340000 435.777
345000 441.234
350000 455.743
355000 453.418
360000 461.435
365000 467.048
370000 472.414
375000 478.976
380000 486.116
385000 494.782
390000 498.059
395000 505.258
400000 509.889
405000 517.32
410000 523.247
415000 529.237
420000 536.54
425000 542.831
430000 549.457
435000 554.914
440000 565.755
445000 568.425
450000 575.633
455000 582.636
460000 600.552
465000 594.277
470000 600.964
475000 606.559
480000 612.738
485000 619.454
490000 632.921
495000 633.39
500000 637.23
