200 3.5
400 6.62
600 9.74
800 12.88
1000 16.05
1200 19.13
1400 22.33
1600 25.59
1800 28.51
2000 31.63
2200 34.63
2400 38.14
2600 40.92
2800 44.04
3000 47.12
3200 50.23
3400 53.33
3600 56.43
3800 59.52
4000 62.84
4200 67.81
4400 69.48
4600 72.04
4800 75.01
5000 78.15
5200 81.3
5400 84.34
5600 87.39
5800 90.8
6000 93.78
6200 96.6
6400 100.91
6600 106.18
6800 109.41
7000 112.5
7200 115.69
7400 118.83
7600 121.47
7800 123.33
8000 126.58
8200 129.8
8400 132.08
8600 134.95
8800 137.14
9000 140.27
9200 143.44
9400 146.14
9600 149.28
9800 152.82
10000 156.73
10200 158.6
10400 161.43
10600 164.57
10800 167.63
11000 170.77
11200 175.34
11400 177.35
11600 180.88
11800 183.11
12000 186.02
12200 188.91
12400 192.5
12600 195.33
12800 197.98
13000 201.93
13200 205.71
13400 210.17
13600 211.35
13800 213.79
14000 216.71
14200 222.19
14400 225.91
14600 226.79
14800 229.17
15000 232.69
15200 254.34
15400 307.45
15600 251.07
15800 245
16000 251.93
16200 251.34
16400 257.45
16600 260.18
16800 259.49
17000 263.22
17200 266.12
17400 278.32
17600 276.4
17800 276.45
18000 281.07
18200 282.41
18400 283.48
18600 287.24
18800 289.95
19000 292.86
19200 295.84
19400 298.76
19600 301.98
19800 304.71
20000 308.01
20200 311.3
20400 314.44
20600 316.79
20800 319.91
21000 322.92
21200 326.13
21400 331.38
21600 332.61
21800 335
22000 339.57
22200 344.39
22400 363.67
22600 364.35
22800 368.08
23000 373.94
23200 375.84
23400 377.29
23600 409.98
23800 388.37
24000 388.69
24200 384.3
24400 385.43
24600 380.93
24800 380.71
25000 383.22
25200 387.05
25400 396.08
25600 391.69
25800 393.99
26000 397.02
26200 402.7
26400 404.46
26600 408.2
26800 409.93
27000 419.14
27200 419.81
27400 426.22
27600 432.9
27800 433.25
28000 427.99
28200 431.11
28400 434.06
28600 436.91
28800 441.27
29000 448.33
29200 454.11
29400 456.04
29600 459.26
29800 462.88
30000 466.38
30200 468.65
30400 474.42
30600 476.79
30800 481.36
31000 484.31
31200 479.91
31400 482.54
31600 517.29
31800 508.42
32000 499.21
32200 498.41
32400 503.74
32600 498.65
32800 504.16
33000 504.34
33200 512.42
33400 516.34
33600 530.36
33800 521.09
34000 522.74
34200 525.2
34400 531.3
34600 535.04
34800 537
35000 539.08
35200 534.94
35400 545.19
35600 548.09
35800 544.25
36000 548.24
36200 554.17
36400 573.23
36600 585.02
36800 562.43
37000 566.69
37200 573.17
37400 576.03
37600 579.29
37800 582.23
38000 585.25
38200 588.43
38400 592.23
38600 597.64
38800 602
39000 600.8
39200 614.68
39400 599.98
39600 609.4
39800 612.7
40000 615.53
40200 618.78
40400 611.39
40600 616.1
40800 628
41000 627.75
41200 634.22
41400 628.64
41600 628.79
41800 636.48
42000 646.54
42200 676.38
42400 661.55
42600 648.19
42800 654.41
43000 660.73
43200 662.21
43400 656.9
43600 660.65
43800 660.68
44000 662.77
44200 665.35
44400 668.44
44600 671.75
44800 676.58
45000 678.52
45200 680.85
45400 683.7
45600 709.39
45800 702.23
46000 704.83
46200 706.46
46400 698.54
46600 700.45
46800 703.65
47000 710.29
47200 709.77
47400 712.67
47600 717.13
47800 720.65
48000 760.71
48200 779.92
48400 830.03
48600 738.34
48800 756.96
49000 743.99
49200 781.4
49400 755.5
49600 749.82
49800 761.59
50000 762.87
50200 766.19
50400 766.89
50600 780.67
50800 773.53
51000 766.9
51200 768.62
51400 771.59
51600 775.44
51800 776.72
52000 778.69
52200 786
52400 797.08
52600 799.86
52800 802.34
53000 803.15
53200 797.31
53400 799.93
53600 804.48
53800 805.73
54000 810.24
54200 812.53
54400 812.9
54600 816.79
54800 834.93
55000 837.32
55200 839.63
55400 838.7
55600 831.71
55800 834.7
56000 839.14
56200 839.78
56400 842.44
56600 858.01
56800 854.88
57000 849.93
57200 852.25
57400 896.55
57600 895
57800 865.68
58000 881.65
58200 919.81
58400 874.1
58600 874.39
58800 1062.88
59000 893.37
59200 898.02
59400 883.7
59600 886.35
59800 896.47
60000 895.67
60200 896.73
60400 907.89
60600 908.15
60800 925.18
61000 949.91
61200 911.48
61400 911.41
61600 917.41
61800 920.55
62000 922.74
62200 936.05
62400 942.73
62600 947.86
62800 951.44
63000 954.64
63200 944.67
63400 940.19
63600 945.08
63800 968.45
64000 951.07
64200 955.88
64400 956.12
64600 958.89
64800 964.9
65000 963.66
65200 968.37
65400 986.14
65600 988.35
65800 976.83
66000 976.56
66200 980.37
66400 982.01
66600 986.08
66800 987.12
67000 989.91
67200 998.38
67400 1011.25
67600 1015.83
67800 1004.16
68000 1002.45
68200 1027.59
68400 1024.05
68600 1053.79
68800 1075.79
69000 1075.89
69200 1072.38
69400 1022.46
69600 1025.15
69800 1027.14
70000 1065.16
70200 1045.84
70400 1037.26
70600 1044.72
70800 1045.76
71000 1047.59
71200 1057
71400 1052.27
71600 1064.91
71800 1075.48
72000 1075.03
72200 1062.8
72400 1064.91
72600 1069.53
72800 1073.44
73000 1078.49
73200 1093.72
73400 1095.41
73600 1104.93
73800 1106.59
74000 1101.16
74200 1110.65
74400 1112.31
74600 1114.84
74800 1108.35
75000 1099.98
75200 1101.5
75400 1105.6
75600 1128.97
75800 1134.64
76000 1136.27
76200 1115.39
76400 1117.79
76600 1123.78
76800 1124.9
77000 1127.05
77200 1129.51
77400 1133.03
77600 1137.65
77800 1153.22
78000 1192.07
78200 1226.2
78400 1162.31
78600 1152.7
78800 1152.05
79000 1153.81
79200 1159.91
79400 1168.27
79600 1173.67
79800 1168.51
80000 1206.46
80200 1285.28
80400 1176.97
80600 1177.95
80800 1185.36
81000 1181.59
81200 1212.28
81400 1215.59
81600 1212.33
81800 1209.86
82000 1217.58
82200 1206.04
82400 1202.29
82600 1209.79
82800 1206.51
83000 1220.18
83200 1211.74
83400 1227.71
83600 1241.57
83800 1241.63
84000 1245
84200 1248.77
84400 1256.05
84600 1260.29
84800 1240.39
85000 1242.38
85200 1237.85
85400 1241.03
85600 1241.68
85800 1249.66
86000 1247.26
86200 1252.46
86400 1252.51
86600 1270.34
86800 1280.43
87000 1277.77
87200 1263.34
87400 1267.86
87600 1275.03
87800 1276.22
88000 1276.55
88200 1292.99
88400 1312.23
88600 1308.1
88800 1310.61
89000 1314.89
89200 1315.09
89400 1320.46
89600 1316.74
89800 1301.03
90000 1303.97
90200 1309.68
90400 1313.66
90600 1334.46
90800 1339.14
91000 1339.24
91200 1327.98
91400 1319.11
91600 1328.31
91800 1349.4
92000 1351.16
92200 1355.98
92400 1360.59
92600 1357.47
92800 1340.89
93000 1342.7
93200 1364.8
93400 1365.27
93600 1362.48
93800 1357.39
94000 1356.38
94200 1379.68
94400 1385.36
94600 1375.9
94800 1368.32
95000 1395.09
95200 1465.38
95400 1458.06
95600 1406.76
95800 1402.46
96000 1403.15
96200 1406.8
96400 1411.55
96600 1419.9
96800 1419.44
97000 1407.36
97200 1395.54
97400 1399.95
97600 1403.92
97800 1428.02
98000 1441.74
98200 1414.91
98400 1422.75
98600 1419.25
98800 1419
99000 1442.84
99200 1451.77
99400 1458.86
99600 1459.16
99800 1454.48
100000 1436.81
100200 1443.13
100400 1442.69
100600 1443.21
100800 1460.46
101000 1448.48
101200 1453.33
101400 1451.24
101600 1469.09
101800 1477.93
102000 1485.65
102200 1489.56
102400 1493.75
102600 1495.24
102800 1497.69
103000 1482.93
103200 1493.15
103400 1502.55
103600 1537.43
103800 1488.38
104000 1487.42
104200 1489.47
104400 1492.84
104600 1494.9
104800 1513.58
105000 1531.4
105200 1532.75
105400 1541.63
105600 1542.59
105800 1561.59
106000 1540.31
106200 1530.31
106400 1523.78
106600 1544.51
106800 1546.84
107000 1549.12
107200 1592.11
107400 1530.3
107600 1555.73
107800 1571.29
108000 1547.69
108200 1550.72
108400 1559.22
108600 1547.32
108800 1552.29
109000 1564.19
109200 1555.82
109400 1575.11
109600 1581.47
109800 1562.18
110000 1564.4
110200 1564.65
110400 1571.02
110600 1570.79
110800 1574.54
111000 1584.51
111200 1577.53
111400 1583.55
111600 1594.51
111800 1582.81
112000 1590.26
112200 1602.4
112400 1618.15
112600 1622.04
112800 1618.79
113000 1599.46
113200 1600.91
113400 1609.21
113600 1636.44
113800 1638.8
114000 1645.05
114200 1644.65
114400 1646.23
114600 1627.11
114800 1621.56
115000 1626.03
115200 1644.79
115400 1817.25
115600 1647.92
115800 1658.51
116000 1665.63
116200 1730.12
116400 1719.36
116600 1649.2
116800 1658.83
117000 1661.89
117200 1679.6
117400 1653.55
117600 1661.77
117800 1685.8
118000 1690
118200 1681.46
118400 1665.45
118600 1667.81
118800 1674.85
119000 1673.43
119200 1675.05
119400 1682.38
119600 1683.47
119800 1687.28
120000 1694.49
120200 1689.06
120400 1695.85
120600 1720.88
120800 1725.9
121000 1727.76
121200 1732.35
121400 1732.72
121600 1733.1
121800 1713.24
122000 1744.11
122200 1773
122400 1736.14
122600 1748.43
122800 1750.95
123000 1736.1
123200 1740.37
123400 1790.54
123600 1793.03
123800 1746.11
124000 1739.04
124200 1780.51
124400 1773.87
124600 1776.05
124800 1775.92
125000 1749.57
125200 1754.77
125400 1759.96
125600 1762.6
125800 1790.94
126000 1793.91
126200 1795
126400 1791.97
126600 1788.97
126800 1801.46
127000 1773.19
127200 1777.63
127400 1803.13
127600 1813.5
127800 1816.71
128000 1804.84
128200 1797.74
128400 1793.5
128600 1797.82
128800 1798.86
129000 1801.87
129200 1833.89
129400 1819.13
129600 1828.71
129800 1821.61
130000 1814.13
130200 1822.75
130400 1818.08
130600 1821.62
130800 1826.98
131000 1830.53
131200 1837.56
131400 1857.75
131600 1863.99
131800 1862.37
132000 1869.34
132200 1875.3
132400 1857.97
132600 1864.53
132800 1862.27
133000 1889.65
133200 1883.02
133400 1867.06
133600 1857.53
133800 1855.23
134000 1866.38
134200 1950.9
134400 1975.96
134600 2276.43
134800 1991.09
135000 1914.99
135200 1916.11
135400 1911.14
135600 1902.67
135800 1919.76
136000 1896.76
136200 1906.09
136400 1927.17
136600 1921.65
136800 1913.76
137000 1924.55
137200 2038.15
137400 1928.73
137600 1976.58
137800 1927.62
138000 1969.65
138200 1959.34
138400 1946.1
138600 1949.93
138800 1948.9
139000 1947.06
139200 1957.97
139400 1946.93
139600 1975.52
139800 1950.17
140000 1947.58
140200 1952.68
140400 1968.96
140600 1967.67
140800 1968.18
141000 1975.59
141200 1989.3
141400 1987.09
141600 2102.4
141800 1982.84
142000 2022.6
142200 1989.22
142400 2107.27
142600 2775.98
142800 2007.99
143000 2722.95
143200 2120.88
143400 2006.74
143600 2011.16
143800 2310.06
144000 2039.9
144200 2023.19
144400 2029.1
144600 2005.36
144800 2018.15
145000 2025.27
145200 2061.76
145400 2063.72
145600 2037.94
145800 2042.24
146000 2039.79
146200 2042.27
146400 2048.21
146600 2044.33
146800 2051.54
147000 2098
147200 2058.84
147400 2085.57
147600 2045.22
147800 2058.46
148000 2061.15
148200 2072.89
148400 2074.28
148600 2075.02
148800 2127.69
149000 2071.99
149200 2076.68
149400 2071.38
149600 2082.51
149800 2077.76
150000 2154.03
150200 2153.1
150400 2089.75
150600 2099.62
150800 2097.02
151000 2099.45
151200 2105.14
151400 2092.51
151600 2104.75
151800 2129.99
152000 2105.65
152200 2106.6
152400 2123.07
152600 2119.49
152800 2119.15
153000 2126.8
153200 2116.31
153400 2125.71
153600 2146.29
153800 2134.6
154000 2140.93
154200 2137.02
154400 2138.04
154600 2156.34
154800 2177.32
155000 2154.02
155200 2150.76
155400 2913.18
155600 2403.21
155800 2161.22
156000 2168.35
156200 2151.61
156400 2172.27
156600 2196.67
156800 2206.58
157000 2171.96
157200 2175.87
157400 2189.91
157600 2178.73
157800 2184.02
158000 2179.19
158200 2182.59
158400 2187.66
158600 2185.53
158800 2196.23
159000 2197.95
159200 2193.54
159400 2221.45
159600 2200.78
159800 2202.29
160000 2196.74
160200 2203.45
160400 2201.66
160600 2203.87
160800 2208.51
161000 2215.37
161200 2225.99
161400 2216.02
161600 2220.89
161800 2219.28
162000 2226.52
162200 2233.64
162400 2231.76
162600 2236.91
162800 2237.05
163000 2312.07
163200 2247.86
163400 2253.82
163600 2231.84
163800 2497.9
164000 2447.46
164200 2282.51
164400 2357.31
164600 2559.34
164800 2316.35
165000 2275.08
165200 2275.62
165400 2299.02
165600 2273.43
165800 2273.79
166000 2276.97
166200 2282.06
166400 2283.66
166600 2291.3
166800 2301.72
167000 2297.47
167200 2295.86
167400 2320.62
167600 2298.3
167800 2297.25
168000 2312.79
168200 2309.57
168400 2309.18
168600 2305.7
168800 2309.12
169000 2319.71
169200 2309.1
169400 2316.11
169600 2315.43
169800 2313.66
170000 2322.84
170200 2326.69
170400 2333.21
170600 2374.46
170800 2322.53
171000 2334.04
171200 2334.68
171400 2339.16
171600 2354.59
171800 2364.27
172000 2366.29
172200 2363.91
172400 2365.28
172600 2354.84
172800 2356.34
173000 2361.98
173200 2357.94
173400 2363.16
173600 2360.23
173800 2364.79
174000 2366.21
174200 2373.35
174400 2367.83
174600 2361.55
174800 2371.35
175000 2363.4
175200 2377.28
175400 2374.03
175600 2382.09
175800 2382.2
176000 2383.91
176200 2384.95
176400 2390.02
176600 2389.79
176800 2392.32
177000 2397.1
177200 2382.07
177400 2399.86
177600 2405.87
177800 2401.58
178000 2415.51
178200 2497.38
178400 2465.23
178600 2411.17
178800 2416.05
179000 2420.31
179200 2415.82
179400 2421.36
179600 2421.92
179800 2420.69
180000 2421.71
180200 2429.82
180400 2454.4
180600 2438.52
180800 2439.93
181000 2441.37
181200 2437.62
181400 2445.39
181600 2448.71
181800 2455.41
182000 2442.16
182200 2446.06
182400 2453.43
182600 2450.66
182800 2457.71
183000 2480.56
183200 2521.45
183400 2475.1
183600 2468.24
183800 2475.16
184000 2509.12
184200 2477.75
184400 2474.99
184600 2478.3
184800 2479.62
185000 2487.15
185200 2486.45
185400 2494.43
185600 2495.87
185800 2498.49
186000 2496.83
186200 2508.45
186400 2509.96
186600 2502.14
186800 2505.57
187000 2508.85
187200 2508.73
187400 2498.47
187600 2509.64
187800 2512.36
188000 2513.16
188200 2520.38
188400 2517.95
188600 2520.24
188800 2522.63
189000 2526.27
189200 2526.87
189400 2521.27
189600 2528.03
189800 2530.2
190000 2535.42
190200 2868.07
190400 2601.74
190600 2585.25
190800 2534.63
191000 2644.67
191200 3025.65
191400 2645.79
191600 2559.85
191800 2563.13
192000 2570.24
192200 2549.94
192400 2597.46
192600 2569.24
192800 2568.73
193000 2566.42
193200 2577.62
193400 2587.9
193600 3211.11
193800 2588.45
194000 2582.8
194200 2624.13
194400 2585.9
194600 2593.27
194800 2612.32
195000 2591.89
195200 2595.88
195400 2600.41
195600 2593.38
195800 2597.23
196000 2602.17
196200 2606.66
196400 2608.35
196600 2607.56
196800 2601.43
197000 2608.83
197200 2611.77
197400 2618.11
197600 2619.14
197800 2613.55
198000 2619.39
198200 2618.91
198400 2616.38
198600 2628.33
198800 2624.75
199000 2630.65
199200 2630.76
199400 2638.7
199600 2630.73
199800 2641.92
200000 2656.88
200200 2643.56
200400 2644.42
200600 2642
200800 2648.18
201000 2652.54
201200 2654.66
201400 2651.87
201600 2668.16
201800 2667.88
202000 2661.84
202200 2670.01
202400 2671.45
202600 2664.68
202800 2670.59
203000 2683.8
203200 2767.58
203400 2700.73
203600 2697.18
203800 2679.33
204000 2679.18
204200 2681.72
204400 2680.81
204600 2682.83
204800 2708.54
205000 2696.82
205200 2694.11
205400 2696.51
205600 2692.81
205800 2700.17
206000 2691.74
206200 2701.58
206400 2705.52
206600 2709.61
206800 2707.8
207000 2706.88
207200 2718.05
207400 2708.88
207600 2742.99
207800 2740.53
208000 2724.24
208200 2737.29
208400 2763.79
208600 2729.58
208800 2733.97
209000 2764.36
209200 2734
209400 2759.29
209600 2742.78
209800 2741.73
210000 2742.57
210200 2741.51
210400 2800.88
210600 2774.33
210800 2744.96
211000 2754.01
211200 2764.38
211400 2755.63
211600 2759.33
211800 2765.48
212000 2768.07
212200 2761.81
212400 2766.79
212600 2776.13
212800 2765.15
213000 2771.62
213200 2772.82
213400 2777.07
213600 2774.21
213800 2780.33
214000 2784.73
214200 2785.35
214400 2792.21
214600 2789.22
214800 2893.15
215000 2884.25
215200 2799.02
215400 2792.94
215600 2828.18
215800 2800.92
216000 2806.9
216200 2817.57
216400 2808.14
216600 2812.11
216800 2808.63
217000 2823.86
217200 2814.63
217400 2821.36
217600 2838.97
217800 2832.5
218000 2824.06
218200 2828.62
218400 2832.4
218600 2836.3
218800 2832.6
219000 2838.2
219200 2837.21
219400 2843.92
219600 2844.53
219800 2847.19
220000 2851.05
220200 2854.48
220400 2846.27
220600 2858.4
220800 2858.76
221000 2857.19
221200 2858.85
221400 2854.55
221600 2856.6
221800 2869.07
222000 2863.3
222200 2869.65
222400 2869.82
222600 2870.94
222800 2863.99
223000 2877.62
223200 2878.45
223400 2869.98
223600 2877.79
223800 2878.21
224000 2894.63
224200 2892.32
224400 2888.26
224600 2882.2
224800 2885.17
225000 2889.56
225200 2892.57
225400 2902.51
225600 2897.18
225800 2900.18
226000 2961.04
226200 3003.66
226400 2909.03
226600 2904.39
226800 2905.88
227000 2910.07
227200 2911.78
227400 2918
227600 2917.61
227800 2920.52
228000 2916.4
228200 2920.39
228400 2926.64
228600 2924.49
228800 2926.3
229000 2925.97
229200 2932.73
229400 2993.56
229600 2939.47
229800 2943.15
230000 2964.81
230200 3637.71
230400 3017.49
230600 2955.41
230800 2957.49
231000 3020.16
231200 2965.53
231400 2958.19
231600 2957.35
231800 2969.09
232000 2982.27
232200 2968.75
232400 2964.51
232600 2969.65
232800 3016.6
233000 2976.09
233200 2988.26
233400 3055.83
233600 3016.63
233800 3018.68
234000 2990.28
234200 3036.38
234400 2986.45
234600 2986.53
234800 2988.4
235000 2993.27
235200 2994.43
235400 2993.93
235600 2996.8
235800 2999.86
236000 3000.18
236200 3108.15
236400 3556.42
236600 3036.81
236800 3174.88
237000 3036.27
237200 3017.38
237400 3024.32
237600 3030.09
237800 3042.45
238000 3036.68
238200 3019.55
238400 3026.98
238600 3028.9
238800 3041.06
239000 3030.15
239200 3042.2
239400 3054.49
239600 3042.21
239800 3040.31
240000 3043.73
240200 3033.29
240400 3046.14
240600 3049.15
240800 3052.25
241000 3041.8
241200 3049
241400 3047.2
241600 3054.57
241800 3067.45
242000 3057.24
242200 3069.94
242400 3077.55
242600 3080.92
242800 3076.18
243000 3069.93
243200 3079.52
243400 3069.71
243600 3071.69
243800 3072.37
244000 3074.71
244200 3076.21
244400 3083.55
244600 3083.08
244800 3089.27
245000 3089.84
245200 3083.51
245400 3085.64
245600 3094.6
245800 3121.37
246000 3087.71
246200 3096.59
246400 3102.22
246600 3101.17
246800 3242.17
247000 4086.36
247200 4548.62
247400 3528.2
247600 3134.26
247800 3120.34
248000 3158.8
248200 3234.41
248400 3171.31
248600 3128.32
248800 3124.16
249000 3140.62
249200 3141.5
249400 3133.4
249600 3135.91
249800 3165.94
250000 3143.52
250200 3146.46
250400 3180.86
250600 3263.5
250800 3215.67
251000 3174
251200 3159.28
251400 3158.57
251600 3228.84
251800 3158.19
252000 3200.65
252200 3179.01
252400 3162.07
252600 3164.88
252800 3167.42
253000 3169.95
253200 3172.71
253400 3208.9
253600 3173.02
253800 3186.36
254000 3173.09
254200 3198.41
254400 3205.86
254600 3191.91
254800 3200.63
255000 3197.56
255200 3188.21
255400 3201.58
255600 3199.51
255800 3209.11
256000 3209.65
256200 3196.14
256400 3247.62
256600 3204.69
256800 3237.87
257000 3280.04
257200 3301.64
257400 3236.6
257600 3357.86
257800 3223.28
258000 3232.12
258200 3230.05
258400 3234.48
258600 3247.35
258800 3236.78
259000 3224.86
259200 3215.2
259400 3225.74
259600 3241.5
259800 3222.5
260000 3476.52
260200 3253.55
260400 3231.35
260600 3233.94
260800 3235.61
261000 3240.46
261200 3253.97
261400 3245.93
261600 3263.83
261800 3257.78
262000 3460.04
262200 3273.46
262400 4113.42
262600 3286.76
262800 3268.79
263000 3256.52
263200 3267.05
263400 3286.89
263600 3323.44
263800 3291.49
264000 3666.67
264200 3417.8
264400 3345.08
264600 3450.03
264800 3394.28
265000 3431.88
265200 3292.18
265400 3381.93
265600 3390.28
265800 3460.16
266000 3321.82
266200 3307.04
266400 3296.2
266600 3373.94
266800 3424.86
267000 3312.35
267200 3316.64
267400 3296.36
267600 3297.29
267800 3306.82
268000 3346.47
268200 3322.47
268400 3325.59
268600 3338.05
268800 3360.45
269000 3571.59
269200 3365.39
269400 3345.93
269600 3369.98
269800 3336.21
270000 3322.57
270200 3404.84
270400 3371.44
270600 3320.05
270800 3621.66
271000 3607.31
271200 3401.07
271400 3435.41
271600 3371.24
271800 3354.18
272000 3383.86
272200 3392.76
272400 3373.99
272600 3392.1
272800 3353.84
273000 3356.27
273200 3361.46
273400 3964.9
273600 3407.46
273800 3407.54
274000 3378.59
274200 3366.94
274400 3512.68
274600 3368.26
274800 3378.3
275000 3403.08
275200 3382.07
275400 3395.52
275600 3396.81
275800 3417.37
276000 3462.51
276200 3589.68
276400 3373.56
276600 3399.41
276800 3398.87
277000 3373.94
277200 3385.62
277400 3386.27
277600 3411.61
277800 3407.59
278000 3387.47
278200 3485.9
278400 3478.77
278600 3420.2
278800 3476.75
279000 3413.46
279200 3403.03
279400 3409.83
279600 3466.14
279800 3485.23
280000 3426.88
280200 3640.9
280400 3506.77
280600 3474.51
280800 4068.98
281000 3683.12
281200 3528.64
281400 3685.57
281600 3440.73
281800 3476.21
282000 3443.81
282200 3442.22
282400 3452.87
282600 3470.22
282800 3452.08
283000 3481.88
283200 3452.98
283400 3498.8
283600 3476.88
283800 3464.37
284000 3450.84
284200 3489.98
284400 3557.21
284600 3441.86
284800 3459.46
285000 3513.15
285200 3502.87
285400 3565.06
285600 3451.12
285800 3459.62
286000 3531.45
286200 3458.32
286400 3460.35
286600 3474.74
286800 3497.74
287000 3504.99
287200 3472.64
287400 3482.43
287600 3572.07
287800 3552.87
288000 3483.46
288200 3499.97
288400 3484.58
288600 3641.91
288800 3505.33
289000 3527.83
289200 3492.33
289400 4320.47
289600 3698.26
289800 3494.61
290000 3553.21
290200 3531.31
290400 3524.89
290600 3529.15
290800 3952.71
291000 3712.13
291200 3528.56
291400 3520.86
291600 3547.8
291800 3526.3
292000 3529.4
292200 3517.32
292400 3545.88
292600 3576.22
292800 3569.31
293000 3549.34
293200 3560.55
293400 3580.45
293600 3559.2
293800 3530.89
294000 3537.57
294200 5266.74
294400 3664.81
294600 4046.91
294800 3957.2
295000 3561.49
295200 3708.97
295400 3591.39
295600 3694.65
295800 3660.74
296000 3552.42
296200 3549.48
296400 3615.13
296600 3582.15
296800 3558.52
297000 3561.56
297200 3549.9
297400 3564.78
297600 3585.14
297800 3585.61
298000 3602.7
298200 3601.44
298400 3571.46
298600 3571.61
298800 3561.09
299000 3581.38
299200 3578.81
299400 3582.68
299600 3580.5
299800 3578.39
300000 3577.16
300200 3581.76
300400 3574.77
300600 3578.72
300800 3587.67
301000 3585.97
301200 3622.45
301400 3650.79
301600 3618.33
301800 3597.58
302000 3622.61
302200 3610.75
302400 3600.02
302600 3609.17
302800 3609.36
303000 3679.46
303200 3671.54
303400 3618.16
303600 3603.45
303800 3611.36
304000 3608.28
304200 3612.33
304400 3623.05
304600 5192.07
304800 3808.69
305000 3641.97
305200 3662.82
305400 3628.56
305600 3660.46
305800 3699.4
306000 3694.83
306200 3730.66
306400 3670.36
306600 3635.87
306800 3708.15
307000 4497.72
307200 3650.49
307400 3665.77
307600 3661.81
307800 3655.72
308000 3651.09
308200 3660.66
308400 3664.75
308600 3687.62
308800 3649.61
309000 3657.05
309200 3654.26
309400 3658.85
309600 3664.25
309800 3663.85
310000 3667.14
310200 3667.17
310400 3684.91
310600 3675.45
310800 3666.43
311000 3665.31
311200 3701.91
311400 3669.78
311600 3779.13
311800 3751.73
312000 3680.96
312200 3700.01
312400 3707.1
312600 3719.44
312800 3689.35
313000 3695.95
313200 3707.49
313400 3695.73
313600 3711.01
313800 3738.16
314000 3713.97
314200 3700.44
314400 3729.94
314600 3698.04
314800 3705.17
315000 3732.35
315200 3707.41
315400 3705.71
315600 3711.6
315800 3706.67
316000 3716.15
316200 3728.51
316400 3714.02
316600 3720.77
316800 3718.43
317000 3722.26
317200 3725.24
317400 3726.12
317600 3725.36
317800 3727.38
318000 3725.95
318200 3738.14
318400 3737.9
318600 3742.86
318800 3739.34
319000 3746.74
319200 3742.47
319400 3738.17
319600 3740.56
319800 3741.82
320000 3739.08
320200 3829.02
320400 3834.49
320600 3754.1
320800 3756.98
321000 3759
321200 3751.99
321400 3766.72
321600 3759.06
321800 3757.18
322000 3764.12
322200 3764.18
322400 3771.3
322600 3769.44
322800 3773.04
323000 3776.7
323200 3771.56
323400 3815.41
323600 3792.05
323800 3778.27
324000 3830.67
324200 3776.65
324400 3794.69
324600 3797.5
324800 3828.29
325000 3874.39
325200 3783.35
325400 3849.66
325600 3828.69
325800 3825.9
326000 3800.27
326200 3806.9
326400 3858.41
326600 3812.14
326800 3806.03
327000 3795.53
327200 3809.77
327400 3814.33
327600 3810.08
327800 3808.24
328000 3809.95
328200 3809.48
328400 3808.5
328600 3898.23
328800 3915.61
329000 3815.98
329200 3841.19
329400 3824.78
329600 3825.2
329800 3830.15
330000 3829.69
330200 3842.9
330400 3836.97
330600 3836.16
330800 3841.44
331000 3840.13
331200 3859.67
331400 3833.47
331600 3837.29
331800 3848.71
332000 3838.03
332200 3848.23
332400 3844.38
332600 3845.53
332800 3846.15
333000 3849.87
333200 3847.89
333400 3853.76
333600 3857.29
333800 3859.64
334000 3868.47
334200 3864.24
334400 3863.28
334600 3863.95
334800 3868.39
335000 3872.13
335200 3998.48
335400 3882.15
335600 3875.94
335800 3872.42
336000 3876.52
336200 3877.75
336400 4181.47
336600 3996.77
336800 4008.9
337000 4030.92
337200 3889.5
337400 3887.16
337600 3894.59
337800 3925.44
338000 3888.06
338200 3890.21
338400 3897.66
338600 4659.82
338800 3917.32
339000 3906.11
339200 3907.84
339400 3907.38
339600 3910.97
339800 3912.45
340000 3976.55
340200 4878.3
340400 3929.55
340600 3958.25
340800 3924.92
341000 3917.62
341200 3918.32
341400 3916.96
341600 3923.53
341800 3931.41
342000 3957.19
342200 3923.09
342400 3936.46
342600 3928.08
342800 3928.32
343000 3932.48
343200 3933.36
343400 3926.93
343600 3933.47
343800 3984.8
344000 3961.15
344200 3955.68
344400 3946.92
344600 3943.85
344800 3953.45
345000 4106.07
345200 3963.82
345400 3964.81
345600 3968.06
345800 3951.38
346000 3966.23
346200 3952.51
346400 3970.96
346600 3955.44
346800 3965.47
347000 3977.99
347200 3961.92
347400 3968.11
347600 3969.15
347800 3961.87
348000 3969.62
348200 3993.08
348400 4008.19
348600 3972.51
348800 3976.62
349000 3982.93
349200 3976.28
349400 3976.92
349600 3983.04
349800 3978.03
350000 3980.28
350200 3989.88
350400 3990.66
350600 3990.3
350800 3986.34
351000 3987.57
351200 3996.66
351400 4006.21
351600 4001.13
351800 3997.82
352000 3999.38
352200 3997.94
352400 4006.87
352600 4013.31
352800 4009.72
353000 4109.82
353200 4052.13
353400 4008.44
353600 4012.36
353800 4011.3
354000 4020.02
354200 4056.06
354400 4018.69
354600 4034.06
354800 4039.88
355000 4032.52
355200 4034.23
355400 4044.99
355600 4047.63
355800 4035.37
356000 4121.82
356200 4045.5
356400 4048.22
356600 4111.67
356800 4044.24
357000 4050.19
357200 4043.44
357400 4045.98
357600 4041.25
357800 4037.93
358000 4061.46
358200 4054.24
358400 4053.48
358600 4050.84
358800 4052.86
359000 4055.97
359200 4059.72
359400 4061.67
359600 4097.68
359800 4062.3
360000 4081.17
360200 4072.24
360400 4076.18
360600 4788
360800 4176.55
361000 4161.47
361200 4074.62
361400 4073.21
361600 4079.31
361800 4100.18
362000 4073.56
362200 4085.29
362400 4094.53
362600 4082.96
362800 4090.15
363000 4083.86
363200 4092.4
363400 4080.12
363600 4086.29
363800 4095.92
364000 4092.76
364200 4089.34
364400 4098.38
364600 4093.48
364800 4093.81
365000 4096.67
365200 4098.61
365400 4101.44
365600 4111.2
365800 4113.63
366000 4106.46
366200 4272.54
366400 4212.82
366600 4137.42
366800 4124.65
367000 4116.18
367200 4114.72
367400 4130.26
367600 4184.18
367800 4120.37
368000 4120.12
368200 4746.36
368400 4236.06
368600 4259
368800 4166.86
369000 4144.05
369200 4138.15
369400 4146.71
369600 4129.77
369800 4130.48
370000 4131.02
370200 4139.34
370400 4136.12
370600 4141.66
370800 4142.92
371000 4161.43
371200 4152.32
371400 4202.11
371600 4197.4
371800 4151.22
372000 4215.85
372200 4163.48
372400 4161.68
372600 4159.22
372800 4159.48
373000 4164.12
373200 4167.63
373400 4208.56
373600 4172.47
373800 4167.08
374000 4167.46
374200 4164.77
374400 4163.66
374600 4302.57
374800 4205.7
375000 4716.36
375200 4219.01
375400 4170.99
375600 4176.05
375800 4184.23
376000 4184.44
376200 4346.74
376400 4264.98
376600 4182.46
376800 4193.18
377000 4181.38
377200 4190.87
377400 4227.12
377600 4360.71
377800 4243.42
378000 4253.99
378200 4387.99
378400 4259.38
378600 4238.89
378800 4211.41
379000 4211.34
379200 4254.9
379400 4833.82
379600 5065.99
379800 6964.67
380000 5452.82
380200 4378.82
380400 4219.93
380600 4224.68
380800 4226.35
381000 4220.97
381200 5458.39
381400 5612.08
381600 4729.86
381800 4713.59
382000 4485.67
382200 4573.79
382400 4511.33
382600 4497.4
382800 4539.27
383000 5448.17
383200 6395.64
383400 4947.52
383600 4817.32
383800 4390.21
384000 5509.6
384200 4310.04
384400 5812.23
384600 4361.41
384800 4407.84
385000 4329.51
385200 4369.39
385400 4456.81
385600 4335.58
385800 4498.85
386000 4315.51
386200 4341.62
386400 4317.49
386600 4307.95
386800 4882.85
387000 4330.5
387200 4295.18
387400 4308.52
387600 4361.12
387800 4298.07
388000 4283.83
388200 4285.27
388400 4346.9
388600 4287.37
388800 4284.64
389000 4293.4
389200 4296.11
389400 4329.35
389600 4391.77
389800 4438.57
390000 4614.13
390200 4592.79
390400 5019.75
390600 4604.09
390800 4643.44
391000 4662.45
391200 4354.43
391400 4613
391600 4419.35
391800 5028.56
392000 6107.31
392200 4672.51
392400 4980.44
392600 4683.25
392800 4550.77
393000 5242.24
393200 9343.67
393400 5020.59
393600 4583.53
393800 4513.92
394000 4432.01
394200 4607.78
394400 4441.84
394600 4440.69
394800 4475.93
395000 4330.54
395200 4341.32
395400 4379.14
395600 4900.8
395800 4340.3
396000 4353.5
396200 4337.27
396400 4350.49
396600 4351.62
396800 4368.78
397000 4516.32
397200 4357.86
397400 4374.22
397600 4352.04
397800 4389.79
398000 4408.74
398200 4354.76
398400 4365.74
398600 4380.24
398800 4359.17
399000 4352.29
399200 4357.48
399400 4365.39
399600 4372.92
399800 4799.7
400000 4457.93
400200 4517.33
400400 4733.66
400600 4520.17
400800 4420.81
401000 4371.64
401200 4386.2
401400 4469.14
401600 4429.63
401800 4377.65
402000 4402.84
402200 4385.44
402400 4439.21
402600 4511.51
402800 4518.17
403000 4499.71
403200 4533.93
403400 4439.08
403600 4451.49
403800 4451.28
404000 4397.03
404200 4536.56
404400 4422.04
404600 5014.55
404800 4543.66
405000 4526.12
405200 6727.08
405400 4714.96
405600 4457.73
405800 4419.1
406000 4445.91
406200 4473.55
406400 4413.55
406600 4422.8
406800 4451.87
407000 4419.45
407200 4410.55
407400 4412
407600 4414.75
407800 4408.79
408000 4406.86
408200 4407.23
408400 4409.78
408600 4414.84
408800 4406.33
409000 4422.45
409200 4413.42
409400 4418.17
409600 4411.15
409800 4415.51
410000 4428.06
410200 4413.51
410400 4445.95
410600 4421.39
410800 4475.9
411000 4456.88
411200 4526.99
411400 4530.95
411600 4476.55
411800 4491.03
412000 4431.9
412200 4465.83
412400 4446.15
412600 4438.17
412800 4436.38
413000 4437.47
413200 4442.65
413400 4456.63
413600 4454.8
413800 4444.14
414000 4495.27
414200 4450.52
414400 4497.45
414600 4457.99
414800 4486.49
415000 4459.1
415200 4460.36
415400 4458.23
415600 4485.29
415800 4478.88
416000 4459.65
416200 4467.84
416400 4539.83
416600 4475.3
416800 4472.95
417000 4468.72
417200 4478.62
417400 4470.03
417600 4466.83
417800 4471.96
418000 4480.24
418200 4468.66
418400 4582.77
418600 4513.58
418800 4499.77
419000 4497.97
419200 4486.34
419400 4489
419600 4478.34
419800 5349.9
420000 4505.7
420200 4521.35
420400 4486.59
420600 4585.4
420800 4558.41
421000 4505.11
421200 4635.64
421400 4514.3
421600 4554.41
421800 5072.63
422000 4618.47
422200 4561.48
422400 4842.44
422600 4789.46
422800 4618.39
423000 4555.43
423200 4855.83
423400 4641.6
423600 4811.18
423800 5100.16
424000 4879.39
424200 5065.22
424400 4728.36
424600 4515.84
424800 4900.97
425000 4854.57
425200 4665.02
425400 4600.86
425600 4651.82
425800 4768.21
426000 4766.02
426200 4948.2
426400 4763.07
426600 5135.93
426800 4689.9
427000 4829.04
427200 7071.84
427400 5629.33
427600 4955.04
427800 4603.78
428000 4890.85
428200 5223.92
428400 4628.08
428600 5810.19
428800 5100.45
429000 5210.9
429200 7103.06
429400 4608.59
429600 4739.15
429800 4566.83
430000 4596.17
430200 4578.31
430400 4975.57
430600 5566.37
430800 4959.67
431000 4760.33
431200 4834.84
431400 4601.7
431600 4992.75
431800 4651.61
432000 4639.59
432200 4608.47
432400 4603.49
432600 4584.34
432800 4583.5
433000 4591.18
433200 4598.84
433400 4684.76
433600 4668.24
433800 4631.68
434000 4595.31
434200 4632.04
434400 4615.56
434600 4654.29
434800 4609.15
435000 4635.92
435200 4611.08
435400 4636.68
435600 4662.63
435800 4614.97
436000 4756.06
436200 4623.42
436400 4824.37
436600 4663.15
436800 4690.38
437000 4640.27
437200 4728.48
437400 4625.87
437600 4658.67
437800 4634.9
438000 4621.11
438200 4644.29
438400 5068.95
438600 5475.31
438800 4673.88
439000 4651.46
439200 4695.02
439400 4628.66
439600 4643.9
439800 4681.24
440000 4723.04
440200 4650
440400 4641.96
440600 4638.7
440800 4619.6
441000 4725.69
441200 4626.25
441400 4703.95
441600 4677.74
441800 4657.46
442000 4671.71
442200 4746.22
442400 5205.37
442600 4672.73
442800 4726.67
443000 5217.17
443200 4922.14
443400 4664.56
443600 4863.89
443800 4698.41
444000 5404.57
444200 5795.07
444400 4691.96
444600 4728.02
444800 5280.2
445000 4835.51
445200 4904.19
445400 4734.26
445600 4857.82
445800 5525.57
446000 5832.21
446200 5067.48
446400 4833.47
446600 4692.44
446800 4800.95
447000 4763.28
447200 4714.38
447400 4679.18
447600 4718.3
447800 4840.86
448000 4725.4
448200 4689.18
448400 4694.76
448600 4687.98
448800 4725.22
449000 4694.03
449200 4683.01
449400 4708.22
449600 4733.07
449800 4692.66
450000 4685.58
450200 4713.42
450400 4689.53
450600 4698.93
450800 4718.21
451000 4725.41
451200 4701.78
451400 4711.36
451600 4689.49
451800 4852.95
452000 4711.83
452200 4741.24
452400 4694.73
452600 4744.97
452800 4708.1
453000 4754.52
453200 4764.61
453400 4718.15
453600 4731.1
453800 4726.51
454000 4713.77
454200 4722.4
454400 4818.79
454600 4726.1
454800 4771.19
455000 4730.05
455200 4753.94
455400 4770.67
455600 4719.59
455800 4735.48
456000 4769.76
456200 4731.39
456400 4734.57
456600 4736.19
456800 4743.36
457000 4737.36
457200 4772.78
457400 4742.8
457600 4769.13
457800 4741.84
458000 4763.88
458200 4772.18
458400 4753.54
458600 4925.21
458800 4756.9
459000 4774.44
459200 4759.18
459400 4776.28
459600 4765.31
459800 4801.25
460000 4765.51
460200 4857.32
460400 4769.48
460600 5538.25
460800 4756.07
461000 4769.85
461200 4771.03
461400 4780.86
461600 4776.26
461800 4822.03
462000 4780.86
462200 4798.06
462400 4772.88
462600 4796.05
462800 4778.88
463000 4817.7
463200 4777.07
463400 4779.08
463600 4823.43
463800 4768.5
464000 4806.29
464200 4767.64
464400 4777.47
464600 4772.83
464800 4777.52
465000 4771.58
465200 4934.88
465400 4776.96
465600 4790.98
465800 4782.11
466000 4832.29
466200 4849.24
466400 4852.83
466600 4795.09
466800 4788.88
467000 4794.79
467200 4780.65
467400 4793.85
467600 5464.46
467800 5760.15
468000 4813.63
468200 4796.22
468400 4842.06
468600 4809.7
468800 4812.58
469000 4809.23
469200 4803.55
469400 5775.02
469600 4944.95
469800 5527.07
470000 4839.34
470200 4822.95
470400 4891.16
470600 4824.81
470800 5509.66
471000 7966.28
471200 5104.79
471400 7213.9
471600 5196.55
471800 6307.72
472000 5052.6
472200 6386.53
472400 5527.26
472600 4997.58
472800 4927.91
473000 5081.57
473200 4846.09
473400 4846.57
473600 4857.53
473800 4856.14
474000 4857.77
474200 4865.23
474400 4907.63
474600 4918.07
474800 4873.85
475000 4876.49
475200 4860.71
475400 4919.85
475600 4879.06
475800 6191.38
476000 4996.44
476200 5013.66
476400 4916.06
476600 4973.79
476800 4914.12
477000 4874.13
477200 4860.3
477400 4857.15
477600 4870.91
477800 5040.87
478000 4880.55
478200 4861.47
478400 4859.58
478600 4862.55
478800 4875.36
479000 4895.16
479200 4885.86
479400 4877.94
479600 4868
479800 4897.97
480000 4896.15
480200 4899.64
480400 4885.61
480600 4874.98
480800 4874.58
481000 4897.66
481200 4935.3
481400 4928.14
481600 4913.2
481800 4915.27
482000 4911.42
482200 5058.21
482400 4952.33
482600 4930.91
482800 4890.09
483000 4953.77
483200 4924.56
483400 4971.99
483600 4925.86
483800 4944.02
484000 4941.14
484200 4996.68
484400 4980.06
484600 4914.93
484800 4929.79
485000 5055.27
485200 4925.08
485400 4903.94
485600 4923.68
485800 4921.28
486000 4917.41
486200 4920.93
486400 4923.05
486600 4960.01
486800 4933.55
487000 4910.67
487200 5235.25
487400 6068.52
487600 5370.88
487800 5097.72
