200 3.49
400 6.15
600 8.54
800 10.61
1000 12.34
1200 13.96
1400 15.46
1600 17.11
1800 18.65
2000 20.18
2200 21.98
2400 23.4
2600 25.03
2800 26.48
3000 28.02
3200 29.83
3400 31.43
3600 33.14
3800 34.61
4000 36.18
4200 37.61
4400 39.28
4600 40.74
4800 42.26
5000 43.73
5200 45.42
5400 47.33
5600 49.32
5800 50.1
6000 51.57
6200 54.66
6400 56.9
6600 57.82
6800 59.02
7000 60.75
7200 61.68
7400 64.08
7600 64.49
7800 66.6
8000 67.67
8200 68.77
8400 70.84
8600 74.31
8800 76.12
9000 77.68
9200 79.46
9400 80.97
9600 82.54
9800 83.97
10000 85.88
10200 86.83
10400 87.56
10600 89.14
10800 91.26
11000 92.72
11200 94.35
11400 95.91
11600 97.54
11800 98.69
12000 100.47
12200 102.57
12400 103.49
12600 105.33
12800 106.65
13000 108.27
13200 110.37
13400 111.77
13600 112.85
13800 114.66
14000 116.26
14200 118.05
14400 118.49
14600 120.57
14800 122.06
15000 122.86
15200 126.08
15400 127.82
15600 129.35
15800 130.74
16000 130.86
16200 133.28
16400 136.07
16600 136.68
16800 137.59
17000 139.21
17200 143
17400 145.3
17600 145.85
17800 147.95
18000 146.91
18200 150.56
18400 150.43
18600 153.35
18800 155.43
19000 153.82
19200 155.86
19400 157.08
19600 159.6
19800 161.81
20000 162.69
20200 163.04
20400 164.68
20600 166.04
20800 167.19
21000 168.96
21200 170.69
21400 172.87
21600 173.79
21800 175.77
22000 177.39
22200 178.53
22400 180.11
22600 181.81
22800 185.43
23000 185.31
23200 188.38
23400 189.22
23600 189.61
23800 191.69
24000 193.25
24200 195.24
24400 197.15
24600 198.36
24800 207.35
25000 217.38
25200 260.18
25400 207.59
25600 217.9
25800 219.41
26000 225.24
26200 220.84
26400 223.55
26600 228.44
26800 228.26
27000 227.71
27200 231.76
27400 231.93
27600 232.48
27800 236.49
28000 238.95
28200 238.69
28400 239.64
28600 238.64
28800 234.33
29000 232.35
29200 233.7
29400 235.2
29600 236.6
29800 237.69
30000 240.07
30200 241.46
30400 243.63
30600 246.47
30800 246.06
31000 247.55
31200 249.28
31400 250.72
31600 251.88
31800 253.45
32000 256.96
32200 258.48
32400 259.2
32600 261.18
32800 262.6
33000 263.78
33200 266.93
33400 265.9
33600 269.9
33800 275.14
34000 276.11
34200 278.35
34400 285.42
34600 277.61
34800 278.03
35000 278.89
35200 280.93
35400 282.88
35600 285.57
35800 286.91
36000 292.16
36200 295.33
36400 295.33
36600 296.63
36800 298.42
37000 300.05
37200 301.82
37400 303.84
37600 305.23
37800 307.15
38000 308.69
38200 310.47
38400 311.69
38600 313.08
38800 315.16
39000 315.31
39200 312.59
39400 314.08
39600 315.23
39800 316.91
40000 317.64
40200 320.1
40400 322.39
40600 326.11
40800 333.93
41000 327.77
41200 333.8
41400 335.33
41600 337.16
41800 338.61
42000 341.31
42200 337.58
42400 339.35
42600 347.29
42800 346.97
43000 348.21
43200 350.01
43400 357.1
43600 353.88
43800 348.94
44000 350.27
44200 367.64
44400 352.93
44600 359.78
44800 363.59
45000 362.82
45200 362.93
45400 365.16
45600 371.29
45800 375.58
46000 375.86
46200 374.75
46400 379.6
46600 378.41
46800 376.56
47000 395.68
47200 382.28
47400 383.13
47600 385.04
47800 380.89
48000 395.25
48200 404.87
48400 385.7
48600 387.08
48800 387.76
49000 389.26
49200 391.59
49400 393.83
49600 395.16
49800 395.38
50000 398.97
50200 400.1
50400 400.16
50600 408.45
50800 410.11
51000 411.84
51200 416.1
51400 415.48
51600 416.93
51800 422.56
52000 413.98
52200 415.65
52400 417.67
52600 420.35
52800 420.44
53000 427.76
53200 428.54
53400 424.58
53600 426.05
53800 426.47
54000 428.36
54200 429.7
54400 431.42
54600 433
54800 436.86
55000 438.08
55200 437.53
55400 439.64
55600 442.93
55800 442.97
56000 456.87
56200 453.58
56400 455.34
56600 456.16
56800 458.55
57000 459.79
57200 454.98
57400 455.17
57600 458.67
57800 457.68
58000 466.46
58200 460.41
58400 461.75
58600 465.65
58800 466.8
59000 468.89
59200 475.39
59400 471.63
59600 471.39
59800 473.37
60000 475.82
60200 476.69
60400 477.64
60600 483.43
60800 481.84
61000 484.31
61200 800.83
61400 618.1
61600 538.03
61800 538.96
62000 495.27
62200 495.51
62400 497.19
62600 502.63
62800 507.23
63000 508.98
63200 509.73
63400 503.15
63600 503.51
63800 505.48
64000 508.28
64200 509.09
64400 517.74
64600 513.25
64800 514.74
65000 517.51
65200 519.03
65400 520.66
65600 519.85
65800 522.58
66000 525.1
66200 526.06
66400 527.13
66600 528.71
66800 530.67
67000 537.08
67200 535.08
67400 534.69
67600 536.96
67800 538.53
68000 538.94
68200 540.79
68400 542.05
68600 543.69
68800 547.68
69000 550.41
69200 551.38
69400 551.38
69600 552.43
69800 555.83
70000 564.93
70200 566.56
70400 568.15
70600 570.21
70800 562.4
71000 562.64
71200 564.37
71400 564.77
71600 567.36
71800 568.99
72000 570.68
72200 572.4
72400 575.57
72600 580.76
72800 589.37
73000 591.38
73200 601.92
73400 589.69
73600 594.13
73800 595.31
74000 597.38
74200 589.19
74400 590.34
74600 590.02
74800 592.71
75000 594.31
75200 595.63
75400 601.83
75600 599.85
75800 603.28
76000 612.98
76200 617.85
76400 613.01
76600 606.19
76800 607.63
77000 610.62
77200 612.11
77400 617.99
77600 616.28
77800 617.24
78000 618.54
78200 626.5
78400 621.04
78600 623.66
78800 625.35
79000 628.83
79200 628.31
79400 631.36
79600 630.66
79800 632.4
80000 632.03
80200 634.93
80400 636.98
80600 639.45
80800 650.46
81000 655.68
81200 667.05
81400 657.24
81600 659.16
81800 660.1
82000 653.37
82200 657.6
82400 668.57
82600 663.12
82800 667.9
83000 668.13
83200 669.89
83400 671.17
83600 675.63
83800 666.66
84000 666.25
84200 667.64
84400 668.88
84600 670.44
84800 672.17
85000 673.7
85200 679.79
85400 676.51
85600 679.03
85800 680.99
86000 692.76
86200 694.58
86400 695.82
86600 697.5
86800 692.61
87000 690.22
87200 690.45
87400 692.5
87600 693.25
87800 695.62
88000 699.78
88200 699.99
88400 705.64
88600 702.94
88800 704.33
89000 733.26
89200 752.81
89400 720.99
89600 713.35
89800 713.51
90000 712.68
90200 716.57
90400 717.11
90600 718.83
90800 723.25
91000 731
91200 745.83
91400 820.14
91600 728.42
91800 743.97
92000 787.15
92200 741.81
92400 735.29
92600 749.44
92800 775.01
93000 772.03
93200 779.17
93400 782.82
93600 770.17
93800 758.15
94000 755.79
94200 757.12
94400 760.76
94600 761.52
94800 757.36
95000 752.63
95200 754.2
95400 755.9
95600 757.52
95800 757.33
96000 760.29
96200 773.99
96400 778.52
96600 782.7
96800 781
97000 784.17
97200 785.27
97400 776.94
97600 784.93
97800 785.36
98000 787.72
98200 789.49
98400 793.44
98600 788.7
98800 783.3
99000 784.2
99200 784.52
99400 789.32
99600 802.44
99800 801.71
100000 795.75
100200 793.55
100400 794.89
100600 796.51
100800 797.03
101000 799.59
101200 808.44
101400 816.19
101600 823.82
101800 805.63
102000 805.32
102200 805.6
102400 816.99
102600 826.83
102800 828.05
103000 829.86
103200 830.99
103400 833.05
103600 830.82
103800 820.81
104000 825.8
104200 833.82
104400 840.82
104600 840.86
104800 835.65
105000 830.08
105200 837.45
105400 834.59
105600 835.73
105800 837.47
106000 841.95
106200 839.95
106400 842.84
106600 849.26
106800 858.79
107000 860.86
107200 857.57
107400 847.08
107600 850.73
107800 894.76
108000 873.7
108200 873.58
108400 863.92
108600 862.53
108800 875.65
109000 876.65
109200 879.9
109400 878.22
109600 870.98
109800 867.54
110000 880.33
110200 912.13
110400 892.82
110600 883.42
110800 877.48
111000 880.5
111200 886.04
111400 897.65
111600 899.22
111800 888.33
112000 885.95
112200 890.33
112400 890.4
112600 891.5
112800 895.84
113000 906.77
113200 923.93
113400 916.38
113600 914.94
113800 915.18
114000 904.57
114200 902.03
114400 905.14
114600 963.08
114800 917.7
115000 926.08
115200 929.06
115400 932.82
115600 919.32
115800 916.18
116000 919.31
116200 925.63
116400 922.72
116600 952.61
116800 948.47
117000 926.18
117200 961.79
117400 935.02
117600 933.44
117800 932.52
118000 935.94
118200 938.89
118400 955.09
118600 971.07
118800 1148.21
119000 980.84
119200 979.81
119400 1497.34
119600 978.64
119800 968.3
120000 967.17
120200 964.99
120400 967.18
120600 971.44
120800 980.99
121000 973.66
121200 969.22
121400 966.44
121600 963.14
121800 999.43
122000 972.71
122200 978.87
122400 974.24
122600 978.17
122800 973.31
123000 972.25
123200 979.65
123400 991.3
123600 998.48
123800 986.28
124000 988.03
124200 1007.9
124400 1002.61
124600 1004.81
124800 1004.46
125000 1006.06
125200 1005.37
125400 1225.36
125600 1439.14
125800 1015.56
126000 1003.3
126200 1010.42
126400 1025.36
126600 1019.04
126800 1021.89
127000 1022.88
127200 1007.15
127400 1009.65
127600 1009.48
127800 1014.79
128000 1015.5
128200 1015.16
128400 1027.86
128600 1086.79
128800 1076.16
129000 1110.98
129200 1098.93
129400 1042.44
129600 1041.39
129800 1042.71
130000 1032.49
130200 1037.62
130400 1045.55
130600 1048.83
130800 1052.62
131000 1030.66
131200 1038.72
131400 1031.2
131600 1031.76
131800 1036.08
132000 1047.71
132200 1042.82
132400 1065.74
132600 1059.71
132800 1060.48
133000 1064.91
133200 1065.22
133400 1063.29
133600 1063.9
133800 1060.65
134000 1051.87
134200 1055.91
134400 1072.06
134600 1057.98
134800 1070.24
135000 1078.35
135200 1071.97
135400 1060.37
135600 1073.69
135800 1081.34
136000 1102.48
136200 1070.97
136400 1078.68
136600 1069.56
136800 1072.77
137000 1074.71
137200 1092.07
137400 1089.95
137600 1081.54
137800 1080.82
138000 1094.63
138200 1081.75
138400 1090.35
138600 1103.48
138800 1102.24
139000 1103.26
139200 1104.71
139400 1092.69
139600 1086.39
139800 1088.12
140000 1106.33
140200 1121.8
140400 1118.47
140600 1120.91
140800 1115.43
141000 1135.87
141200 1109.45
141400 1112.61
141600 1129.06
141800 1129.92
142000 1129.5
142200 1112.65
142400 1112.98
142600 1132.25
142800 1119.04
143000 1120.34
143200 1115.25
143400 1119.22
143600 1116.06
143800 1129.22
144000 1121.5
144200 1121.54
144400 1124.86
144600 1125.34
144800 1151.1
145000 1131.65
145200 1127.72
145400 1128.46
145600 1135.12
145800 1133.9
146000 1140.35
146200 1152.51
146400 1196.36
146600 1148.79
146800 1151.44
147000 1158.87
147200 1145.78
147400 1147.26
147600 1155.72
147800 1157.06
148000 1144.07
148200 1168.33
148400 1173.34
148600 1174.9
148800 1170.77
149000 1177.85
149200 1154.79
149400 1156.16
149600 1150.42
149800 1158.6
150000 1184.08
150200 1184.78
150400 1189.73
150600 1187.89
150800 1172.7
151000 1177.32
151200 1169.6
151400 1170.1
151600 1179.11
151800 1176.72
152000 1182.88
152200 1184.21
152400 1194.32
152600 1196.56
152800 1192.5
153000 1205.86
153200 1202.68
153400 1195.33
153600 1186.35
153800 1198.27
154000 1201.05
154200 1214.38
154400 1211.6
154600 1214.44
154800 1210.6
155000 1220.4
155200 1199.46
155400 1206.65
155600 1199.26
155800 1211.03
156000 1226.18
156200 1239.28
156400 1216.42
156600 1235.73
156800 1232.56
157000 1257.51
157200 1275.08
157400 1290.89
157600 1237.09
157800 1232.74
158000 1233.24
158200 1225.17
158400 1213.97
158600 1220.05
158800 1224.7
159000 1230.31
159200 1223.26
159400 1217.5
159600 1218.1
159800 1230.07
160000 1225.41
160200 1238.17
160400 1241.29
160600 1242.13
160800 1234.12
161000 1234.79
161200 1257.44
161400 1232.85
161600 1232.84
161800 1250.96
162000 1254.49
162200 1253.81
162400 1242.44
162600 1248.93
162800 1256.75
163000 1247.57
163200 1248.79
163400 1261.23
163600 1311.87
163800 1276.47
164000 1293.95
164200 1271.49
164400 1276.71
164600 1271.44
164800 1248.66
165000 1259.28
165200 1253.74
165400 1318.48
165600 1281.17
165800 1283.59
166000 1281.36
166200 1272.41
166400 1289.01
166600 1297.13
166800 1289.74
167000 1710.49
167200 1290.88
167400 1290.72
167600 1297.43
167800 1309.66
168000 1309.34
168200 1330.38
168400 1281.43
168600 1290.13
168800 1281.26
169000 1302.09
169200 1310
169400 1311.09
169600 1301.97
169800 1310.86
170000 1303.93
170200 1303.18
170400 1309.64
170600 1286.61
170800 1297.3
171000 1317.96
171200 1310.35
171400 1314.77
171600 1311.75
171800 1323.65
172000 1310.44
172200 1324.79
172400 1312.14
172600 1333.49
172800 1353.44
173000 1325.59
173200 1328.05
173400 1328.63
173600 1313.72
173800 1314.06
174000 1311.61
174200 1302.1
174400 1308.49
174600 1332.56
174800 1340.48
175000 1322.83
175200 1339.41
175400 1339.52
175600 1341.45
175800 1330.24
176000 1344.74
176200 1341.99
176400 1344.83
176600 1316.08
176800 1338.72
177000 1345.26
177200 1350.85
177400 1348.67
177600 1340.09
177800 1333.95
178000 1337.14
178200 1339.76
178400 1359.46
178600 1349.86
178800 1364.56
179000 1356.71
179200 1358.26
179400 1366.8
179600 1362.47
179800 1349.85
180000 1345.44
180200 1339.81
180400 1342.15
180600 1340.55
180800 1342.51
181000 1365.99
181200 1355.42
181400 1445.13
181600 1418.21
181800 1412.5
182000 1427
182200 1375
182400 1350.79
182600 1378.2
182800 1391.13
183000 1388.82
183200 1390.97
183400 1371.63
183600 1371.55
183800 1389.4
184000 1398.24
184200 1396.03
184400 1364.93
184600 1365.39
184800 1379.13
185000 1376.42
185200 1379.79
185400 1370.83
185600 1389.67
185800 1399.58
186000 1375.47
186200 1385.95
186400 1380.78
186600 1408.42
186800 1400.66
187000 1365.12
187200 1406.58
187400 1396.66
187600 1406.83
187800 1373.49
188000 1415.43
188200 1397.43
188400 1403.31
188600 1404.57
188800 1423.76
189000 1405.59
189200 1378.43
189400 1392.23
189600 1399.74
189800 1411.45
190000 1425.26
190200 1413.37
190400 1407.18
190600 1397.03
190800 1562.03
191000 1418.26
191200 1419.98
191400 1428.64
191600 1428.97
191800 1396.42
192000 1413.14
192200 1432.08
192400 1441.6
192600 1431.58
192800 1410.8
193000 1420.26
193200 1394.69
193400 1416.65
193600 1433.89
193800 1422.81
194000 1429.89
194200 1419.75
194400 1444.44
194600 1427.26
194800 1418.05
195000 1415.73
195200 1448.79
195400 1433.93
195600 1455.22
195800 1456.94
196000 1435.38
196200 1453.41
196400 1461.35
196600 1444.7
196800 1432.02
197000 1440.59
197200 1435.74
197400 1438.98
197600 1435.61
197800 1438.13
198000 1420.38
198200 1432.35
198400 1442.01
198600 1454.95
198800 1464.82
199000 1473.15
199200 1485.14
199400 1502.12
199600 1447.75
199800 1483.8
200000 1497.76
200200 1497.79
200400 1484.97
200600 1472.1
200800 1478.9
201000 1460.52
201200 1461.28
201400 1452.66
201600 1469.12
201800 1516.41
202000 1474.78
202200 1478.58
202400 1435.2
202600 1475.22
202800 1469.87
203000 1459.81
203200 1493.73
203400 1475.85
203600 1483.74
203800 1519.98
204000 1522.16
204200 1505.38
204400 1520.51
204600 1470.75
204800 1480.78
205000 1477.03
205200 1493.81
205400 1479.61
205600 1468.79
205800 1476.31
206000 1515.4
206200 1490
206400 1484.17
206600 1504.58
206800 1502.24
207000 1516.07
207200 1499.16
207400 1510.08
207600 1498.99
207800 1495.07
208000 1508.83
208200 1503.11
208400 1477.99
208600 1489.55
208800 1492.18
209000 1505.71
209200 1511.97
209400 1514.58
209600 1492.45
209800 1507.34
210000 1523.01
210200 1518.26
210400 1508.42
210600 1484.87
210800 1526.91
211000 1515.31
211200 1505.01
211400 1495.74
211600 1490.73
211800 1536.23
212000 1526.35
212200 1550.66
212400 1540.35
212600 1507.97
212800 1561.35
213000 1503.62
213200 1619.02
213400 1649.39
213600 1510
213800 1568.01
214000 1559.7
214200 1524.76
214400 1557.98
214600 1516.07
214800 1523.03
215000 1553.43
215200 1540.75
215400 1551.91
215600 1537.24
215800 1543.71
216000 1554.62
216200 1542.44
216400 1581.77
216600 1618.28
216800 1529.85
217000 1580.13
217200 1583.43
217400 1560.23
217600 1549.14
217800 1542.35
218000 1550.38
218200 1557.45
218400 1559.22
218600 1556.89
218800 1619.09
219000 1561.24
219200 1560.55
219400 1544.25
219600 1593.59
219800 1570.67
220000 2166.77
220200 1577.33
220400 1562.38
220600 1554.64
220800 1590.5
221000 1610.2
221200 1583.73
221400 1578.27
221600 1580.75
221800 1573.55
222000 1561.15
222200 1563.78
222400 1594.75
222600 1575.14
222800 1591.95
223000 1577.67
223200 1776.98
223400 1599.48
223600 1598.67
223800 1554.75
224000 1585.71
224200 1583.2
224400 1674.25
224600 1734.22
224800 1641.01
225000 1650.36
225200 1594.71
225400 1590.02
225600 1598.25
225800 1606.32
226000 1593.21
226200 1615.66
226400 1606.58
226600 1569.66
226800 1605.81
227000 1593.82
227200 1573.3
227400 1596.76
227600 1566.09
227800 1625.57
228000 1574.88
228200 1584.65
228400 1612.06
228600 1637.4
228800 1611.23
229000 1628.72
229200 1613.37
229400 1576.83
229600 1639.49
229800 1608.4
230000 1603.5
230200 1627.69
230400 1618.12
230600 1606.37
230800 1622.74
231000 1615.52
231200 1640.62
231400 1615.05
231600 1656.07
231800 1587.83
232000 1616.5
232200 1646.23
232400 1649.27
232600 1693.29
232800 1627.83
233000 1644.23
233200 1624.74
233400 1645.58
233600 1658.19
233800 1637.32
234000 1622.1
234200 1631.75
234400 1631.9
234600 1621.5
234800 1646.51
235000 1648.13
235200 1647.51
235400 1624.18
235600 1657.71
235800 1666.83
236000 1654.95
236200 1658.95
236400 1662.91
236600 1672.71
236800 1645.2
237000 1654.19
237200 1627.38
237400 1643.62
237600 1664.5
237800 1648.53
238000 1643.31
238200 1647.2
238400 1665.26
238600 1652.12
238800 1670.87
239000 1664.84
239200 1699.38
239400 1647.45
239600 1673.32
239800 1643.95
240000 1640.89
240200 1641.59
240400 1626
240600 1689.67
240800 1647.29
241000 1686.71
241200 1679.91
241400 1670.39
241600 1681.56
241800 1661.49
242000 1661.81
242200 1713.06
242400 1663.34
242600 1669.31
242800 1666.13
243000 1665.01
243200 1674.3
243400 1682.94
243600 1694.76
243800 1695.71
244000 1722.41
244200 1795.84
244400 1871.32
244600 2063.79
244800 1694.7
245000 1685.76
245200 1699.48
245400 1701.47
245600 1714.06
245800 1669.96
246000 1699.48
246200 1737.22
246400 1668.19
246600 1695.91
246800 1717.95
247000 1724.26
247200 1702.07
247400 1741.21
247600 1676.04
247800 1687.91
248000 1709.94
248200 1706.14
248400 1695.39
248600 1686.63
248800 1733.3
249000 1714.72
249200 1686.45
249400 1723.63
249600 1697.56
249800 1712.01
250000 1711.71
250200 1714.33
250400 1727.21
250600 1744.16
250800 1693.73
251000 1772.32
251200 1729.19
251400 1741.97
251600 1707.14
251800 1720.38
252000 1796.82
252200 1732.1
252400 1737.85
252600 1724.73
252800 1778.61
253000 1694.37
253200 1726.79
253400 1707.17
253600 1738.88
253800 1734.92
254000 1724.92
254200 1921.98
254400 1746.36
254600 1730.47
254800 1713.84
255000 1785.01
255200 1724.81
255400 1708.72
255600 1759.14
255800 2129.01
256000 1739.05
256200 1748.07
256400 1728.32
256600 1752.35
256800 1736.15
257000 1754.88
257200 1721.8
257400 1718.88
257600 1742.16
257800 1685.1
258000 1723.98
258200 1716.84
258400 1746.51
258600 1684.5
258800 1717.99
259000 1748.53
259200 1766.8
259400 1770.67
259600 1740.18
259800 1773.24
260000 1720.68
260200 1764.05
260400 1719.24
260600 1799.67
260800 1758.32
261000 1780.06
261200 1744.72
261400 1757.23
261600 1771.35
261800 1739.27
262000 1759.34
262200 1762.62
262400 1771.16
262600 1803.91
262800 1874.12
263000 1815.89
263200 1767.86
263400 1793.58
263600 1805.46
263800 1815.81
264000 1760.87
264200 1772.77
264400 1784
264600 1825.48
264800 1799.8
265000 1739.23
265200 1798.01
265400 1780.93
265600 1759.73
265800 1747.31
266000 1801.36
266200 1792.93
266400 1763.34
266600 1802.37
266800 1815.04
267000 1756.7
267200 1823.66
267400 1827.53
267600 1801.98
267800 1799.12
268000 1801.72
268200 1783.19
268400 1800.72
268600 1786.04
268800 1783.73
269000 1825.52
269200 1774.45
269400 1763.58
269600 1787.26
269800 1804.15
270000 1776.64
270200 1782.73
270400 1814.02
270600 1781
270800 1812.42
271000 1767.16
271200 1810.53
271400 1818.09
271600 1821.88
271800 1792.56
272000 1799.61
272200 1813.05
272400 1812.6
272600 1795.38
272800 1758.45
273000 1809.4
273200 1755.31
273400 1790.53
273600 1813.2
273800 1798.07
274000 1808.32
274200 1816.08
274400 1822.68
274600 1792.81
274800 1845.97
275000 1814.1
275200 1813.45
275400 1818.84
275600 1794.85
275800 1803.22
276000 1818.05
276200 1773.39
276400 1824.53
276600 1844.68
276800 1816.4
277000 1766.13
277200 1803.68
277400 1776.72
277600 1850.11
277800 1816.97
278000 1827.75
278200 1840.48
278400 1798.45
278600 1844.32
278800 1825.5
279000 1846.86
279200 1886.66
279400 1800.78
279600 1795.41
279800 1816.93
280000 1844.43
280200 1859.55
280400 1909.47
280600 1892.41
280800 1828.31
281000 1885
281200 1848.31
281400 1828.11
281600 1849.82
281800 1867.08
282000 1859.43
282200 1867.1
282400 1901.96
282600 1850.27
282800 1864.2
283000 1826.8
283200 1826.24
283400 1874.48
283600 1858.77
283800 1888.08
284000 1853.37
284200 1883.59
284400 1862.11
284600 1821.74
284800 1829.03
285000 1900.62
285200 1851.93
285400 1837.99
285600 1851.31
285800 1857.83
286000 1821.64
286200 1861.87
286400 1829.92
286600 1897.96
286800 1947.66
287000 1862.61
287200 1913.8
287400 1866.24
287600 1882.94
287800 1921.09
288000 1860.77
288200 1878.07
288400 1874.65
288600 1879.53
288800 1871.59
289000 1828.93
289200 2001.86
289400 1851.85
289600 1838.41
289800 1816.77
290000 1898.99
290200 1832.6
290400 1835.87
290600 1845.51
290800 1905.41
291000 1825.13
291200 1850.18
291400 1890.01
291600 1901.07
291800 1839.27
292000 1820.07
292200 1863.34
292400 1887.71
292600 1823.19
292800 1838.93
293000 1901.06
293200 1858.41
293400 1877.16
293600 1877.59
293800 1840.81
294000 1916.77
294200 1909.32
294400 1893.76
294600 1868.06
294800 1876.12
295000 1843.97
295200 1901.31
295400 1919.4
295600 1846.85
295800 1868.72
296000 1926.6
296200 1845.39
296400 1858.99
296600 1886.87
296800 1824.84
297000 1927.74
297200 1901.42
297400 1895.79
297600 1954.13
297800 1842.26
298000 1866.41
298200 1849.26
298400 1858.76
298600 1878.88
298800 1863.03
299000 1911.39
299200 1897.94
299400 1881.7
299600 1903.6
299800 1896.93
300000 1850.94
300200 1877.86
300400 1957.05
300600 1844.25
300800 1900.43
301000 1917.97
301200 1906.16
301400 1865.45
301600 1836.7
301800 1907.06
302000 1877.27
302200 1896.1
302400 1912.7
302600 1920.32
302800 1876.76
303000 1950.19
303200 1932.78
303400 1892.29
303600 1918.42
303800 1911.84
304000 1864.38
304200 1888.05
304400 1903.04
304600 1934.22
304800 1892.44
305000 1845.67
305200 1893.92
305400 1885.59
305600 1829.71
305800 1920.54
306000 1919.72
306200 1895.95
306400 1965.89
306600 1857.31
306800 1877.83
307000 1946.57
307200 1899.08
307400 1926.72
307600 1835.67
307800 1921.86
308000 1942.6
308200 1938.81
308400 1957.83
308600 1847.13
308800 1906.77
309000 1937.52
309200 1907.44
309400 1898.13
309600 1947.38
309800 1928.99
310000 1953.12
310200 1907.33
310400 1919.8
310600 1897.59
310800 1902.68
311000 1858.93
311200 1901.65
311400 1917.8
311600 1897.96
311800 1953.73
312000 1916.04
312200 1965.04
312400 1939.72
312600 1905.41
312800 1905.88
313000 1921.04
313200 1954.84
313400 1922.47
313600 1941.27
313800 1932.63
314000 1926.13
314200 1999.41
314400 1989.6
314600 1934.91
314800 1971.6
315000 1989.45
315200 1937.17
315400 1978.52
315600 1882.64
315800 1921.54
316000 1965.35
316200 1910.49
316400 1895.24
316600 1908.04
316800 1953.54
317000 1954.12
317200 1964.93
317400 1983.97
317600 1951.94
317800 1950.95
318000 1960.03
318200 1950.09
318400 1947.89
318600 1912.26
318800 1963.57
319000 1974.08
319200 1948.49
319400 1933.33
319600 1912.96
319800 1923.7
320000 1910.6
320200 1928.48
320400 2013.81
320600 1993.77
320800 1936.27
321000 1997.49
321200 1956.93
321400 1968.38
321600 1990.86
321800 1976.66
322000 1973.29
322200 1917.74
322400 1955.09
322600 1987.61
322800 1975.05
323000 1971.28
323200 1887.38
323400 1967.94
323600 1988.52
323800 1928.11
324000 1988.2
324200 1899.73
324400 2016.59
324600 2030.24
324800 2252.79
325000 1947.22
325200 1979.76
325400 1984.55
325600 1977.41
325800 1927.07
326000 1943.53
326200 1967.76
326400 2027.36
326600 1982.4
326800 1917.76
327000 1956.95
327200 1979.75
327400 2009.07
327600 1986.02
327800 2008.25
328000 1972.79
328200 1963.66
328400 2017.07
328600 2008.05
328800 2023.63
329000 1920.22
329200 1992.87
329400 1945.68
329600 1970.32
329800 1978.29
330000 1972.71
330200 1966.54
330400 1992.24
330600 1961.99
330800 2007.26
331000 1988.63
331200 2060.35
331400 1949.62
331600 1978.71
331800 2000.41
332000 2000.79
332200 1974.79
332400 1962.88
332600 2015.98
332800 1984.12
333000 2010.53
333200 1993.87
333400 2052.94
333600 1997.66
333800 2019.36
334000 1951.72
334200 2024.59
334400 2015.73
334600 2050.91
334800 1979.7
335000 2019.04
335200 2060.49
335400 1985.83
335600 2014.03
335800 1977.85
336000 1942.71
336200 1998.44
336400 1974.95
336600 2008.27
336800 1898.09
337000 2018.1
337200 2013.37
337400 1984.2
337600 2033.18
337800 1977.77
338000 2001.89
338200 2022.07
338400 2003.63
338600 1998.51
338800 2046.05
339000 2014.94
339200 2036.78
339400 2073.5
339600 2072.14
339800 1987.56
340000 1987.33
340200 2017.22
340400 2011.35
340600 2013.44
340800 2019.72
341000 2039.64
341200 1976.04
341400 2035.38
341600 2040.03
341800 1945.45
342000 1979.92
342200 2046.69
342400 2048.98
342600 2035.39
342800 1941.05
343000 2047
343200 2112.88
343400 2033.68
343600 1984.46
343800 2043.34
344000 1964.36
344200 2083.77
344400 2030.69
344600 2062.47
344800 1984.95
345000 2076.66
345200 2021.68
345400 2149.82
345600 1994.71
345800 2086.93
346000 1996.94
346200 2085.91
346400 2083.66
346600 2068.41
346800 1972.57
347000 2010.63
347200 2044.76
347400 2014.7
347600 2022.89
347800 2071.29
348000 1968.2
348200 2040.56
348400 2023.09
348600 2035.14
348800 2005.63
349000 1994.39
349200 2022.06
349400 1989.6
349600 2077.38
349800 1985.37
350000 2562.31
350200 2000.27
350400 2081.93
350600 2171.33
350800 2221.05
351000 2069.53
351200 2072.45
351400 2071.61
351600 2414.37
351800 2093.9
352000 1967.45
352200 2129.99
352400 2081.47
352600 2031.33
352800 2063.56
353000 2012.51
353200 2108.22
353400 2062.96
353600 2066.16
353800 2011.16
354000 2094.86
354200 2071.17
354400 2079.07
354600 2092.87
354800 2010.97
355000 2045.77
355200 2080.68
355400 2010.06
355600 2080.05
355800 2081.51
356000 2067.47
356200 2081.55
356400 2047.9
356600 2033.87
356800 2086.93
357000 2085.81
357200 2014.16
357400 2039.31
357600 2063.07
357800 2069.8
358000 2068.4
358200 2091.91
358400 2043.57
358600 2040.59
358800 2096.73
359000 2038.27
359200 2084.16
359400 2097.69
359600 2071.8
359800 1999.08
360000 2073.17
360200 2076.29
360400 2076.22
360600 2067.35
360800 2015.82
361000 2100
361200 2107.6
361400 2092.24
361600 2057.88
361800 2177.88
362000 2193.48
362200 2102.88
362400 2061.68
362600 2070.57
362800 2098.26
363000 2155.51
363200 2167.89
363400 2026.16
363600 2043.91
363800 2007.53
364000 1991.04
364200 2065.19
364400 2076.71
364600 2011.08
364800 2124.98
365000 2046.19
365200 2047.97
365400 2059.55
365600 2069.27
365800 2130.03
366000 2070.98
366200 2125.27
366400 2023.36
366600 2079.53
366800 2058.74
367000 2114.64
367200 2013.52
367400 2017.57
367600 2077.09
367800 2088.07
368000 2042.56
368200 2091.47
368400 2127.87
368600 2095.76
368800 2162.15
369000 2097.43
369200 2061.34
369400 2098.34
369600 2089.94
369800 2046.6
370000 2137.76
370200 2030.66
370400 2073.54
370600 2117.39
370800 2101.86
371000 2118.02
371200 2089.9
371400 2069.3
371600 2139.99
371800 2115.88
372000 2100.59
372200 2132.76
372400 2038.21
372600 2149.38
372800 2051.39
373000 2106.68
373200 2111.53
373400 2005.38
373600 2134.94
373800 2069.57
374000 2144.28
374200 2177.79
374400 2117.83
374600 2065.9
374800 2162.39
375000 2096.49
375200 2061.93
375400 2135.11
375600 2112.68
375800 2075.05
376000 2082.84
376200 2120.02
376400 2107.19
376600 2114.97
376800 2096.4
377000 2072.3
377200 2175.79
377400 2116.42
377600 2070.18
377800 2084.02
378000 2069.16
378200 2075.33
378400 2079.5
378600 2121.84
378800 2119.38
379000 2104.48
379200 2071.28
379400 2127.2
379600 2056.62
379800 2223.52
380000 2093.7
380200 2196.51
380400 2044.51
380600 2110.24
380800 2266.21
381000 2110.97
381200 2145.27
381400 2094.24
381600 2166.93
381800 2104.85
382000 2064.48
382200 2109.28
382400 2125.89
382600 2172.39
382800 2739.42
383000 2260.85
383200 2175.12
383400 2175.18
383600 2157.23
383800 2131.17
384000 2105.44
384200 2090.97
384400 2109.87
384600 2215.23
384800 2018.37
385000 2204.69
385200 2069.58
385400 2133.94
385600 2133.88
385800 2193.21
386000 2123.43
386200 2173.83
386400 2152.1
386600 2160.58
386800 2175.31
387000 2223.43
387200 2118.62
387400 2267.04
387600 2171.01
387800 2215.01
388000 2101.32
388200 2159.89
388400 2096.6
388600 2199.24
388800 2210.54
389000 2157.48
389200 2112.89
389400 2146.87
389600 2122.61
389800 2234.38
390000 2159.25
390200 2116.01
390400 2125.97
390600 2249.76
390800 2129.86
391000 2252.04
391200 2264.46
391400 2269.92
391600 2126.61
391800 2181.94
392000 2841.57
392200 2181.36
392400 2289.59
392600 2096.12
392800 2254.67
393000 2639.35
393200 2197.45
393400 2294.66
393600 2233.23
393800 2208.61
394000 2150.74
394200 2244.12
394400 2225.12
394600 2226.76
394800 2176.49
395000 2099.56
395200 2099.42
395400 2217.71
395600 2206.01
395800 2191.21
396000 2153.08
396200 2218.97
396400 2122.37
396600 2206.24
396800 2221.27
397000 2166.4
397200 2127.6
397400 2134.23
397600 2166.14
397800 2240.93
398000 2169.33
398200 2170.61
398400 2171.72
398600 2106.88
398800 2208.28
399000 2178.05
399200 2157.77
399400 2125.01
399600 2256.26
399800 2232.99
400000 2232.05
400200 2140.84
400400 2189.05
400600 2212.89
400800 2139.44
401000 2327.13
401200 2202.69
401400 2268.34
401600 2140.24
401800 2324.98
402000 2161.14
402200 2245.5
402400 2207.86
402600 2161.59
402800 2178.98
403000 2119.48
403200 2095.03
403400 2190.33
403600 2172.86
403800 2137.47
404000 2222.29
404200 2136.54
404400 2182.6
404600 2226.39
404800 2223.16
405000 2647.03
405200 2242.25
405400 2159.7
405600 2200.2
405800 2239.89
406000 2268.28
406200 2258.54
406400 2224.15
406600 2938
406800 2201.03
407000 2223.7
407200 2240.78
407400 2121.98
407600 2249.08
407800 2172.95
408000 2163.84
408200 2153.3
408400 2247.28
408600 2219.7
408800 2264.84
409000 2232.4
409200 2099.08
409400 2223.59
409600 2228.26
409800 2246.97
410000 2244.82
410200 2316.9
410400 2259.94
410600 2242.07
410800 2235.11
411000 2187.77
411200 2208.69
411400 2196.81
411600 2268.13
411800 2342.1
412000 2175.42
412200 2228.83
412400 2331.32
412600 2221.95
412800 2187.07
413000 2388.52
413200 2248.62
413400 2259.58
413600 2210.51
413800 2321.95
414000 2241.93
414200 2209.14
414400 2233.13
414600 2126.96
414800 2229.76
415000 2203.88
415200 2230.25
415400 2589.53
415600 2480.26
415800 2330.78
416000 2239.94
416200 2266.1
416400 2238.17
416600 2679.86
416800 2212.12
417000 2205.47
417200 3368.82
417400 2246.61
417600 2340.41
417800 2178.91
418000 2219.31
418200 2398.68
418400 2266.72
418600 2469.81
418800 2311.2
419000 2229.22
419200 2262.57
419400 2230.04
419600 2160.34
419800 2298.83
420000 2275.68
420200 2289.05
420400 2396.87
420600 2412.55
420800 2302.32
421000 2231.01
421200 2317.44
421400 2258.53
421600 2180.92
421800 2268.26
422000 2249.78
422200 2334.5
422400 2238.15
422600 2140.73
422800 2193.44
423000 2209.72
423200 2232.16
423400 2208.07
423600 2354.7
423800 2280.9
424000 2273.3
424200 2353.58
424400 2269.69
424600 2269.95
424800 2291.83
425000 2222.91
425200 2389.91
425400 2377.36
425600 2211.95
425800 2242.47
426000 2221.42
426200 2192.34
426400 2208.67
426600 2400.16
426800 2325.3
427000 2295.86
427200 2432.98
427400 2300.76
427600 2168.26
427800 2306.05
428000 2280.33
428200 2173.44
428400 2211.24
428600 2289.47
428800 2335.55
429000 2246.04
429200 2254.94
429400 2284.55
429600 2290.48
429800 2240.5
430000 2342.92
430200 2278.52
430400 2300.28
430600 2277.56
430800 2380.06
431000 2368.79
431200 2219.23
431400 2324.62
431600 2330.82
431800 2333.25
432000 2269.86
432200 2375.61
432400 2295.47
432600 2358.29
432800 2253.42
433000 2304.53
433200 2296.62
433400 2244.46
433600 2124.68
433800 2232.59
434000 2310.98
434200 2334.78
434400 2411.1
434600 2410.85
434800 2274.52
435000 2418.76
435200 2219.28
435400 2317.1
435600 2315.54
435800 2309.52
436000 2353.56
436200 2369.71
436400 2679.12
436600 2502.41
436800 2274.19
437000 2387.36
437200 2291.81
437400 2288.36
437600 2300.88
437800 2225.62
438000 2219.79
438200 2235.2
438400 2331.71
438600 2325.3
438800 2269.62
439000 2285.66
439200 2324.84
439400 2250.59
439600 2192.02
439800 2350.42
440000 2258.71
440200 2197.47
440400 2345.16
440600 2362.93
440800 2309.58
441000 2280.08
441200 2340.46
441400 2291.49
441600 2324.15
441800 2315.8
442000 2283.01
442200 2380.54
442400 2335.19
442600 2349.69
442800 2224.25
443000 2313.98
443200 2242.02
443400 2278.11
443600 2246.22
443800 2264.68
444000 2258.53
444200 2304.46
444400 2351.93
444600 2285.55
444800 2350.63
445000 2363.93
445200 2327.41
445400 2308.29
445600 2395.85
445800 2317.7
446000 2446.05
446200 2435.68
446400 2384.52
446600 2271.9
446800 2711.5
447000 2300.1
447200 2292.46
447400 2333.41
447600 2365.82
447800 2510.66
448000 2322.49
448200 2317.6
448400 2411.77
448600 2342.6
448800 2285.07
449000 2313.83
449200 2221.91
449400 2377.64
449600 2345.18
449800 2366.76
450000 3252.18
450200 2406.02
450400 2282.96
450600 2394.94
450800 2331.97
451000 2286.6
451200 2340.86
451400 2329.29
451600 2400.1
451800 2265.66
452000 2445.58
452200 2492.61
452400 2249.93
452600 2270.85
452800 2269.79
453000 2302.95
453200 2354.67
453400 2430.18
453600 2462.75
453800 2256.57
454000 2923.89
454200 2354.69
454400 2581.94
454600 2838.57
454800 2562.55
455000 2529.8
455200 2525.51
455400 2420.16
455600 2613.37
455800 2425.06
456000 2430.52
456200 2367.12
456400 2444.84
456600 2437.67
456800 2288.38
457000 2386.79
457200 2319.26
457400 2424.2
457600 2370
457800 2324.32
458000 2316.84
458200 2264.02
458400 2745.21
458600 2353.39
458800 2444.31
459000 2354.81
459200 2289.1
459400 2431.52
459600 2344.02
459800 2380.51
460000 2342.09
460200 2347.38
460400 2465.38
460600 2422.51
460800 2390.92
461000 2326.36
461200 2339.86
461400 2322.23
461600 2351.85
461800 2206.95
462000 2386.5
462200 2464.86
462400 2325.2
462600 2384.94
462800 2361.72
463000 2353.99
463200 2399.73
463400 2408.93
463600 2431.96
463800 2420.22
464000 2561.89
464200 2542.88
464400 2381.49
464600 2369.08
464800 2429.52
465000 2277.37
465200 2421.85
465400 2395.31
465600 2416.98
465800 2450.17
466000 2475.66
466200 2305.27
466400 2309.15
466600 2459.07
466800 2354.97
467000 2458.08
467200 2274.5
467400 2380.62
467600 2349.46
467800 2378
468000 2402.93
468200 2403.34
468400 2303.08
468600 2310.52
468800 2355.28
469000 2479.28
469200 2355.15
469400 2309.83
469600 2356.24
469800 2336.03
470000 2426.19
470200 2420.48
470400 2366.59
470600 2449.53
470800 2334.21
471000 2306.58
471200 2242.92
471400 2348.99
471600 2302.08
471800 2414.34
472000 2438.88
472200 2290.83
472400 2420.77
472600 2461.33
472800 2428.75
473000 2433.36
473200 2340.47
473400 2393.36
473600 2464.67
473800 2431.21
474000 2510.95
474200 2367.2
474400 2384.39
474600 2368.2
474800 2322.17
475000 2577.39
475200 2400.45
475400 2471.65
475600 2262.64
475800 2536.05
476000 2427.67
476200 2402.28
476400 2483.14
476600 2545.2
476800 2353.63
477000 2499.41
477200 2316.85
477400 2388.33
477600 2473.98
477800 2603.05
478000 2366.17
478200 2410.84
478400 2342.61
478600 2356.74
478800 2385.24
479000 2434.67
479200 2518.56
479400 2377.66
479600 2384.41
479800 2404.08
480000 2349.65
480200 2341.69
480400 2343.94
480600 2431.77
480800 2385.4
481000 2389.41
481200 2433.96
481400 2537.08
481600 2433.68
481800 2356.47
482000 2352.18
482200 2381.64
482400 2436.52
482600 2373.67
482800 2556.18
483000 2493.55
483200 2426.66
483400 2380.48
483600 2533.61
483800 2315.45
484000 2429.34
484200 2403.24
484400 2381.03
484600 2387.39
484800 2434.19
485000 2316.48
485200 2367.62
485400 2433.28
485600 2390.8
485800 2407.52
486000 2407.52
486200 2531.53
486400 2503.47
486600 2387.83
486800 2395.47
487000 2415.38
487200 2506.96
487400 2433.8
487600 2293.45
487800 2339.26
488000 2529.65
488200 2456.6
488400 2426.68
488600 2387.35
488800 2353.24
489000 2318.26
489200 2265.92
489400 2438.48
489600 2409.92
489800 2413.31
490000 2300.65
490200 2426.91
490400 2430.18
490600 2370.91
490800 2509.88
491000 2419.66
491200 2376
491400 2260.18
491600 2397.66
491800 2513.92
492000 2397.46
492200 2297.79
492400 2486.08
492600 2440.7
492800 2462.98
493000 2334.99
493200 2558.67
493400 2272.51
493600 2388.91
493800 2465.95
494000 2495.58
494200 2314.83
494400 2444.39
494600 2558.83
494800 2495.79
495000 2291.92
495200 2378.47
495400 2472.01
495600 2338.9
495800 2497.1
496000 2394.87
496200 2350.35
496400 2347.94
496600 2479.57
496800 2335.23
497000 2409.59
497200 2477.48
497400 2379.67
497600 2304.29
497800 2407.16
498000 2325.61
498200 2407.54
498400 2433.64
498600 2380.07
498800 2412.32
499000 2397.38
499200 2392.93
499400 2406.01
499600 2405.52
499800 2454.71
