200 386.25
1000 983.875
1800 1006.58
2600 1010.71
3400 1013.04
4200 1019.46
5000 1009.17
5800 1011.46
6600 1014.71
7400 1027.08
8200 1052.04
9000 1136.21
9800 1062
10600 1035.17
11400 1040.25
12200 1061.88
13000 1074.33
13800 1077.21
14600 1090.42
15400 1078.62
16200 1070.38
17000 1042.21
17800 1057.33
18600 1062.17
19400 1070.58
20200 1058.5
21000 1027.71
21800 1028.42
22600 1029.5
23400 1042.92
24200 1032.88
25000 1032.88
25800 1045.25
26600 1035.83
27400 1033.21
28200 1035.21
29000 1044.25
29800 1043.5
30600 1039.62
31400 1040.12
32200 1043.75
33000 1048.17
33800 1047.88
34600 1060.58
35400 1054.96
36200 1083.38
37000 1064.04
37800 1057.42
38600 1054.38
39400 1055.62
40200 1057.12
41000 1103.25
41800 1059.62
42600 1064.83
43400 1063.25
44200 1070.92
45000 1066.12
45800 1071.71
46600 1081
47400 1091.71
48200 1092.71
49000 1095.17
49800 1098
50600 1095.54
51400 1103.08
52200 1103.08
53000 1119.08
53800 1119.29
54600 1140.17
55400 1175.08
56200 1158.75
57000 1151.58
57800 1159.54
58600 1173.29
59400 1420.25
60200 1189.08
61000 1157.04
61800 1163.92
62600 1126.96
63400 1133.96
64200 1121.08
65000 1120.92
65800 1107.75
66600 1107.38
67400 1118.96
68200 1113.5
69000 1127.67
69800 1136.46
70600 1139.79
71400 1147.58
72200 1158.21
73000 1166.04
73800 1170.88
74600 1162.83
75400 1147.29
76200 1148.62
77000 1152.88
77800 1149.88
78600 1152.62
79400 1156.38
80200 1156.62
81000 1158.83
81800 1170.5
82600 1164.42
83400 1170.79
84200 1169.79
85000 1167.46
85800 1171.12
86600 1166.71
87400 1170.92
88200 1171
89000 1174.71
89800 1173.83
90600 1176.42
91400 1180.5
92200 1182.71
93000 1210.83
93800 1222.21
94600 1220
95400 1206.46
96200 1279.46
97000 1204.38
97800 1195.25
98600 1201.21
99400 1203.96
100200 1198.29
101000 1195.04
101800 1195.88
102600 1201.21
103400 1201.54
104200 1204.08
105000 1201.75
105800 1210.04
106600 1215.12
107400 1212.25
108200 1214.58
109000 1207.58
109800 1211.21
110600 1216.58
111400 1218.29
112200 1222.75
113000 1221.04
113800 1220.04
114600 1222.79
115400 1225.29
116200 1224.88
117000 1244.71
117800 1204.96
118600 1207.67
119400 1211.21
120200 1211.96
121000 1211.46
121800 1216.25
122600 1239.25
123400 1223
124200 1220.46
125000 1254.79
125800 1262.92
126600 1227.88
127400 1248.79
128200 1302.17
129000 1297.79
129800 1320.38
130600 1314.96
131400 1331.62
132200 1335.25
133000 1322
133800 1355.38
134600 1325.83
135400 1327
136200 1334.5
137000 1329.71
137800 1345.79
138600 1341.33
139400 1387.33
140200 1343.58
141000 1362
141800 1421.62
142600 1343.75
143400 1343.54
144200 1347.04
145000 1352.96
145800 1349.33
146600 1353
147400 1460.88
148200 1360.33
149000 1412.42
149800 1347
150600 1322.75
151400 1348.83
152200 1323.21
153000 1325.71
153800 1328.92
154600 1324.67
155400 1325.12
156200 1329.12
157000 1333.96
157800 1332.92
158600 1322.38
159400 1330.33
160200 1016.88
161000 1345.08
161800 1015.08
162600 1341.62
163400 1015.83
164200 1352.75
165000 1014.88
165800 1349.67
166600 1015
167400 1348.58
168200 1031.12
169000 1374
169800 1041.42
170600 1371.58
171400 1015.04
172200 1384.46
173000 1031.21
173800 1404.54
174600 1028.25
175400 1363.71
176200 1024.5
177000 1378.67
177800 1021.08
178600 1388.33
179400 1130.08
180200 1398
181000 1037.54
181800 1395.92
182600 1015.92
183400 1407.75
184200 1029.62
185000 1400.17
185800 1016.38
186600 1390.83
187400 1022.17
188200 1395.42
189000 1017.62
189800 1424.62
190600 1039.88
191400 1577.96
192200 1171.17
193000 1409.83
193800 1025.38
194600 1430.83
195400 1028.25
196200 1417.54
197000 1025.25
197800 1424.71
198600 1044.88
199400 1469.17
200200 1065.71
201000 1619.71
201800 1048.12
202600 1454.29
203400 1036.42
204200 1430.21
205000 1032
205800 1434.29
206600 1020.67
207400 1440.46
208200 1015.04
209000 1434.58
209800 1057.33
210600 1483.71
211400 1032.5
212200 1447.12
213000 1027.79
213800 1475.54
214600 1055.96
215400 1513.71
216200 1036.92
217000 1546.54
217800 1068.67
218600 1613.42
219400 1159.62
220200 1538.58
221000 1051.12
221800 1515.83
222600 1049.42
223400 1645.38
224200 1053.17
225000 1523.88
225800 1051.58
226600 1522.38
227400 1052.38
228200 1521.33
229000 1051.46
229800 1529.83
230600 1052.96
231400 1537.38
232200 1052.38
233000 1692.96
233800 1118.79
234600 1485.29
235400 1026.21
236200 1506.04
237000 1034.5
237800 1496.67
238600 1016.75
239400 1499.79
240200 1018.71
241000 1513.79
241800 1042.92
242600 1708.25
243400 1064
244200 1546.04
245000 1043.58
245800 1519.42
246600 1031.42
247400 1530.42
248200 1042.54
249000 1529.75
249800 1026.67
250600 1522.42
251400 1024.83
252200 1515.75
253000 1025.58
253800 1518.08
254600 1025.29
255400 1535.04
256200 1014.75
257000 1523.33
257800 1014.92
258600 1550.08
259400 1017.88
260200 1561.33
261000 1044.04
261800 1538.5
262600 1017.29
263400 1541.62
264200 1011.71
265000 1544.75
265800 1014.21
266600 1547.33
267400 1016.21
268200 1628.42
269000 1016.38
269800 1501.25
270600 983.125
271400 1504.5
272200 988.417
273000 1505.5
273800 986.417
274600 1508.42
275400 989.208
276200 1513.75
277000 983.125
277800 1515.79
278600 983.083
279400 1522.79
280200 989.542
281000 1525.38
281800 982.958
282600 1519.67
283400 983.125
284200 1542.67
285000 988.25
285800 1525.17
286600 986.459
287400 1535.75
288200 987.583
289000 1532.62
289800 983.125
290600 1539.08
291400 983.208
292200 1547.67
293000 987.167
293800 1540.58
294600 987.916
295400 1558.67
296200 983.917
297000 1548.29
297800 985.75
298600 1558.92
299400 986.833
300200 1557.08
301000 983.084
301800 1560.92
302600 985.75
303400 1564.08
304200 985.667
305000 1565.21
305800 990.917
306600 1574.04
307400 983.125
308200 1574.5
309000 988
309800 1572.46
310600 991.75
311400 1580.25
312200 983.25
313000 1585.08
313800 987.958
314600 1578.75
315400 985.75
316200 1588.08
317000 983.042
317800 1594.29
318600 988.792
319400 1591.46
320200 1603.25
321000 1601.46
321800 1592.12
322600 1604.42
323400 1607.5
324200 1601.25
325000 1601.79
325800 1615.12
326600 1606.83
327400 1603
328200 1611.38
329000 1614.79
329800 1616.5
330600 1611.96
331400 1621.46
332200 1618.42
333000 1618.79
333800 1615.79
334600 1628
335400 1627.25
336200 1636.12
337000 1634.71
337800 1662.5
338600 1632.62
339400 1631.12
340200 1646.96
341000 1640.33
341800 1657.38
342600 1643.79
343400 1636.67
344200 1651.08
345000 1642.67
345800 1647.42
346600 1653.33
347400 1651.21
348200 1664.67
349000 1652.25
349800 1673.92
350600 1648.12
351400 1657.12
352200 1670.58
353000 1668.54
353800 1671.33
354600 1669.5
355400 1689.25
356200 1658.25
357000 1692.54
357800 1678.83
358600 1671.75
359400 1676.75
360200 1673.04
361000 1675.83
361800 1692.12
362600 1685.12
363400 1711.88
364200 1681.71
365000 1694.96
365800 1695.08
366600 1692.71
367400 1699
368200 1684.62
369000 1720.75
369800 1690.46
370600 1696.71
371400 1705.42
372200 1687.42
373000 1727.46
373800 1699.79
374600 1698.38
375400 1705.12
376200 1704.12
377000 1731.67
377800 1715.79
378600 1742.79
379400 1715.17
380200 1708.25
381000 1720.96
381800 1723.58
382600 1741.96
383400 1707.96
384200 1717.83
385000 1767.33
385800 1896.75
386600 1765.17
387400 1735.96
388200 1752.58
389000 1725.25
389800 1728.29
390600 1733.5
391400 1725.46
392200 1733.88
393000 1729.04
393800 1735.67
394600 1774.67
395400 1733.88
396200 1735.83
397000 1739.17
397800 1741.17
398600 1743.83
399400 1742.5
400200 1745.38
401000 1750.08
401800 1768.21
402600 1756.25
403400 1749
404200 1748.62
405000 1758.75
405800 1762.58
406600 1762.21
407400 1768.75
408200 1757.92
409000 1776.25
409800 1768.46
410600 1769.79
411400 1770.08
412200 1767.62
413000 1773.21
413800 1768.75
414600 1777.58
415400 1787.21
416200 1781.25
417000 1787.33
417800 1807.08
418600 1784.08
419400 1782.38
420200 1787.54
421000 1784.04
421800 1790.71
422600 1788.79
423400 1789.62
424200 1800.21
425000 1796.08
425800 1798.79
426600 1797.96
427400 1798.08
428200 1792.04
429000 1802
429800 1814.79
430600 1805.5
431400 1865.33
432200 1838.42
433000 1861.46
433800 1812.17
434600 1821.29
435400 1809.58
436200 1816.46
437000 1827.75
437800 1816.67
438600 1826.88
439400 1828.88
440200 1841.04
441000 1819.67
441800 1833.79
442600 1831.46
443400 1826.96
444200 1854.04
445000 1841.12
445800 1829.29
446600 1837.58
447400 1847.54
448200 1881.71
449000 1870.79
449800 1870.08
450600 1875.33
451400 1872.62
452200 1886.5
453000 1874.42
453800 1878.71
454600 1877.46
455400 1885.75
456200 1892.46
457000 1887.79
457800 1887.46
458600 1888.04
459400 1897.83
460200 1896.29
461000 1892.25
461800 1894.29
462600 1891.83
463400 1904.21
464200 1895.67
465000 1908
465800 1901.83
466600 1905.79
467400 1906.46
468200 1907.96
469000 1922.04
469800 1906.38
470600 1911.04
471400 1912.75
472200 1925.83
473000 1914.08
473800 1920.79
474600 1912.79
475400 1925.33
476200 1918.42
477000 1925.12
477800 1924.46
478600 1939.04
479400 1954.12
480200 1980.79
481000 1953.21
481800 1945
482600 1970.38
483400 1955.54
484200 2602.25
485000 1982
485800 1982
486600 1965.83
487400 1918.92
488200 1922.08
489000 1905.42
489800 1906.67
490600 1909.04
491400 1908.08
492200 1918.33
493000 1910.5
493800 1918.42
494600 1916.08
495400 1918.12
496200 1926.67
497000 1921.5
497800 1923.12
498600 1943.46
499400 1926.04
