200 428.333
1000 1981.42
1800 3463.42
2600 5035.42
3400 6451.62
4200 8025.83
5000 9448.21
5800 10952.1
6600 12446.1
7400 13947.7
8200 16232.1
9000 18186.2
9800 25446.9
10600 53416.7
11400 37209
12200 34000
13000 28628
13800 27197.9
14600 29965.8
15400 115398
16200 43342.8
17000 35001.9
17800 35213.3
18600 35446.3
19400 37477.6
20200 38689.8
21000 40058.5
21800 41486.8
22600 42855.5
23400 44516.6
24200 46261.2
25000 47009.8
25800 49064
26600 50154
27400 54328.2
28200 71379.8
29000 57279.5
29800 98821.6
30600 58100.2
31400 59470.8
32200 62981.7
33000 62380.3
33800 62665.8
34600 64240.8
35400 65253.5
36200 66806
37000 70276
37800 71359.1
38600 70772.6
39400 72182.4
40200 92678.2
41000 82280.8
41800 77766.1
42600 79191.3
43400 80525.8
44200 81721.6
45000 83206.9
45800 84565
46600 86202
47400 88290.2
48200 91403.6
49000 89940.1
49800 91713.7
50600 91697.5
51400 107096
52200 94393.8
53000 97859.2
53800 98545.1
54600 100290
55400 100604
56200 103567
57000 103759
57800 105908
58600 107498
59400 109806
60200 110107
61000 111044
61800 112146
62600 113754
63400 134103
64200 119147
65000 118808
65800 120173
66600 124199
67400 121272
68200 121787
69000 124575
69800 125492
70600 125852
71400 128419
72200 131976
73000 130795
73800 132527
74600 133919
75400 134660
76200 136220
77000 135830
77800 137674
78600 138387
79400 139474
80200 140845
81000 144088
81800 145985
82600 147171
83400 147327
84200 149719
85000 150566
85800 152173
86600 153566
87400 153905
88200 153904
89000 155382
89800 158775
90600 158199
91400 159597
92200 160670
93000 172594
93800 163629
94600 163886
95400 164975
96200 167152
97000 170827
97800 172380
98600 174487
99400 181710
100200 181089
101000 173401
101800 174660
102600 178355
103400 179522
104200 180807
105000 182736
105800 181033
106600 181754
107400 184715
108200 187569
109000 189117
109800 190038
110600 191887
111400 192956
112200 193656
113000 194842
113800 195796
114600 196891
115400 198160
116200 199839
117000 201014
117800 200514
118600 204106
119400 210800
120200 203346
121000 203493
121800 204675
122600 208792
123400 213807
124200 212033
125000 213100
125800 214842
126600 215340
127400 213908
128200 216955
129000 220275
129800 220190
130600 221725
131400 223107
132200 224124
133000 225305
133800 226406
134600 227787
135400 228945
136200 228467
137000 229096
137800 232287
138600 233418
139400 235360
140200 236009
141000 236984
141800 237920
142600 239458
143400 240798
144200 239371
145000 238986
145800 239893
146600 240717
147400 241452
148200 243360
149000 243811
149800 245334
150600 245499
151400 247034
152200 247799
153000 250660
153800 253750
154600 254961
155400 256181
156200 257470
157000 258737
157800 265832
158600 271746
159400 262363
160200 260179
161000 265629
161800 266686
162600 267856
163400 265759
164200 265312
165000 265942
165800 266986
166600 270832
167400 298565
168200 271554
169000 271293
169800 274908
170600 278808
171400 279319
172200 279510
173000 291598
173800 279471
174600 280252
175400 283258
176200 287060
177000 282932
177800 282982
178600 286358
179400 290150
180200 293997
181000 292443
181800 293692
182600 357538
183400 300271
184200 297852
185000 1.39172e+06
185800 320036
186600 318764
187400 323028
188200 335862
189000 307761
189800 309213
190600 309380
191400 315357
192200 307038
193000 308644
193800 306922
194600 308516
195400 318926
196200 318176
197000 310880
197800 314280
198600 319988
199400 328068
200200 318992
201000 319355
201800 319475
202600 8.32175e+07
203400 446227
204200 349131
205000 365338
205800 322578
206600 320236
207400 320546
208200 321539
209000 323099
209800 324544
210600 324713
211400 326313
212200 328604
213000 328388
213800 335449
214600 331413
215400 331167
216200 335344
217000 337216
217800 339062
218600 339025
219400 337204
220200 339500
221000 340953
221800 340903
222600 340746
223400 341891
224200 341359
225000 344301
225800 350700
226600 349653
227400 351556
228200 346855
229000 359258
229800 356632
230600 364056
231400 354333
232200 355110
233000 354719
233800 354494
234600 354412
235400 370456
236200 365859
237000 358754
237800 363426
238600 360042
239400 362214
240200 378460
241000 381485
241800 364154
242600 363925
243400 364406
244200 371461
245000 2.59494e+08
245800 376856
246600 374304
247400 372250
248200 372961
249000 372607
249800 372555
250600 373891
251400 375224
252200 391230
253000 384835
253800 385097
254600 405049
255400 394004
256200 382029
257000 383227
257800 400196
258600 380630
259400 382878
260200 384175
261000 5.21699e+07
261800 827876
262600 434031
263400 429524
264200 540237
265000 472672
265800 450260
266600 412544
267400 451452
268200 445716
269000 402643
269800 394243
270600 405441
271400 399415
272200 415135
273000 430900
273800 405723
274600 399033
275400 451353
276200 413803
277000 402858
277800 403963
278600 403478
279400 402823
280200 404884
281000 423685
281800 416172
282600 432354
283400 414941
284200 408812
285000 417021
285800 414895
286600 410640
287400 414501
288200 414066
289000 419062
289800 411375
290600 419710
291400 476350
292200 423557
293000 417429
293800 415467
294600 614240
295400 473874
296200 476604
297000 470957
297800 439317
298600 428726
299400 436083
300200 444117
301000 436104
301800 439906
302600 427715
303400 427216
304200 425383
305000 434506
305800 434204
306600 427882
307400 515781
308200 438037
309000 437389
309800 435842
310600 478965
311400 431494
312200 448538
313000 441299
313800 443663
314600 444175
315400 442954
316200 439572
317000 440778
317800 448408
318600 437862
319400 443392
320200 440051
321000 444544
321800 448255
322600 495131
323400 464558
324200 462350
325000 462301
325800 460225
326600 453927
327400 449827
328200 453395
329000 448934
329800 449216
330600 462601
331400 462967
332200 461372
333000 463846
333800 460605
334600 480672
335400 464389
336200 462395
337000 462749
337800 461445
338600 465351
339400 544871
340200 483615
341000 467754
341800 464522
342600 480942
343400 467803
