200 2.58
1000 8.46
1800 10.93
2600 13.43
3400 17.25
4200 21.83
5000 25.84
5800 30.11
6600 33.54
7400 36.6
8200 40.65
9000 44.21
9800 48.26
10600 52.1
11400 55.82
12200 60.35
13000 64.78
13800 68.69
14600 72.47
15400 77.57
16200 79.22
17000 83.25
17800 86.71
18600 90.52
19400 94.69
20200 98.49
21000 103.1
21800 109.84
22600 117.12
23400 123.26
24200 122.66
25000 125.97
25800 129.39
26600 151.61
27400 158.36
28200 148.86
29000 158.28
29800 216.21
30600 227.93
31400 205.69
32200 166.41
33000 197.15
33800 176.54
34600 179.93
35400 187.38
36200 255.44
37000 203.91
37800 196.72
38600 687.22
39400 242.28
40200 213.18
41000 208.45
41800 210.85
42600 212.41
43400 217.19
44200 234.79
45000 280.42
45800 240.19
46600 243.7
47400 246.28
48200 272.2
49000 337.21
49800 302.2
50600 345.98
51400 747.89
52200 594.6
53000 317.26
53800 297.93
54600 301.59
55400 289.78
56200 293.95
57000 294.94
57800 320.89
58600 301.14
59400 316.79
60200 345.49
61000 414.26
61800 324.67
62600 312.26
63400 328.83
64200 354.36
65000 381.48
65800 328.9
66600 330.81
67400 337.24
68200 339.9
69000 369.82
69800 348.85
70600 348.19
71400 352.22
72200 355.95
73000 359.49
73800 363.28
74600 367.66
75400 371.16
76200 373.99
77000 377.87
77800 384.57
78600 387.89
79400 392.57
80200 402.4
81000 397.94
81800 403.31
82600 412.68
83400 410.82
84200 417.95
85000 430.57
85800 428.2
86600 425.26
87400 433.71
88200 435.68
89000 436.87
89800 451.03
90600 457.75
91400 505.43
92200 457.97
93000 457.56
93800 465.46
94600 468.01
95400 468.25
96200 478.44
97000 472.94
97800 479.11
98600 484.75
99400 489.16
100200 492.32
101000 494.91
101800 502.44
102600 508.9
103400 505.97
104200 510.85
105000 514.92
105800 561.08
106600 529.84
107400 529.54
108200 531.78
109000 536.97
109800 541.85
110600 545.4
111400 550.14
112200 547.88
113000 558.53
113800 548.87
114600 561.79
115400 568.49
116200 597.04
117000 574.16
117800 580.19
118600 582.66
119400 590.19
120200 594.39
121000 608.04
121800 628.61
122600 646.74
123400 616.66
124200 612.87
125000 620.18
125800 638.8
126600 641.25
127400 645.45
128200 651.52
129000 661.63
129800 661.49
130600 674.68
131400 649.23
132200 647.28
133000 653.28
133800 678.38
134600 660.65
135400 661.86
136200 668.58
137000 672.45
137800 682.87
138600 677.86
139400 688.17
140200 689.1
141000 693.81
141800 693.81
142600 700.17
143400 702.68
144200 709.09
145000 715.64
145800 716.59
146600 719.89
147400 726.55
148200 725.15
149000 732.69
149800 735.33
150600 740.16
151400 740.88
152200 829.08
153000 753.13
153800 755.7
154600 759.8
155400 764.34
156200 770.47
157000 770.11
157800 772.43
158600 800.81
159400 788.16
160200 786.58
161000 795.63
161800 835
162600 803.02
163400 800.82
164200 806.82
165000 808.12
165800 816.43
166600 818.8
167400 822.22
168200 827.55
169000 830.31
169800 837.02
170600 838.24
171400 839.29
172200 865.06
173000 849.28
173800 859.54
174600 854.39
175400 862.81
176200 865.71
177000 880.13
177800 869.73
178600 877.43
179400 881.55
180200 885.87
181000 889.03
181800 893.65
182600 897.23
183400 904.51
184200 905.67
185000 909.38
185800 913.28
186600 916.96
187400 935.36
188200 928.96
189000 927.09
189800 931.12
190600 960.82
191400 949.41
192200 946.93
193000 948.83
193800 952.36
194600 956.5
195400 960.81
196200 965.09
197000 968.93
197800 972.18
198600 977.49
199400 979.02
200200 983.36
201000 987.94
201800 991.68
202600 995.53
203400 1000.24
204200 1009.96
205000 1008.61
205800 1011.09
206600 1016.9
207400 1018.73
208200 1022.79
209000 1024.62
209800 1029.09
210600 1032.58
211400 1036.27
212200 1038.51
213000 1053.93
213800 1052.32
214600 1054.54
215400 1057.52
216200 1060.94
217000 1065.22
217800 1069.22
218600 1073.4
219400 1076.91
220200 1084.24
221000 1085.91
221800 1090.55
222600 1091.05
223400 1097.25
224200 1099.69
225000 1102.92
225800 1107.53
226600 1111.44
227400 1120.8
228200 1121.78
229000 1123.91
229800 1128.12
230600 1132.57
231400 1138.08
232200 1140.28
233000 1145.76
233800 1149.75
234600 1151.75
235400 1155.84
236200 1160.63
237000 1163.46
237800 1167.71
238600 1171.07
239400 1175.75
240200 1179.87
241000 1183.29
241800 1188.92
242600 1209.3
243400 1393.76
244200 1352.42
245000 1212.98
245800 1223.42
246600 2152.83
247400 1444.99
248200 1279.08
249000 1229.39
249800 1229.56
250600 1236.49
251400 1234.21
252200 1239.91
253000 1241.05
253800 1273.33
254600 1459.4
255400 1296.45
256200 1258.73
257000 1287.48
257800 1286.3
258600 1295.9
259400 1357.87
260200 1344.81
261000 1344.63
261800 1462.41
262600 1607.74
263400 1379.32
264200 1358.65
265000 1369.82
265800 1319.07
266600 1415.91
267400 1359.7
268200 1387.92
269000 1400.46
269800 1404.64
270600 1373.8
271400 1343.09
272200 1340.11
273000 1365.71
273800 1354.66
274600 1348.36
275400 1369.28
276200 1371.05
277000 1379.37
277800 1372.77
278600 1374.93
279400 1378.66
280200 1380.84
281000 1387.18
281800 1394.68
282600 1404.83
283400 1428.92
284200 1432.64
285000 1423.54
285800 1410.47
286600 1409.79
287400 1429.66
288200 1465.56
289000 1454.82
289800 1482.34
290600 1436.56
291400 1436.64
292200 1436.23
293000 1453.32
293800 1514.64
294600 1528.49
295400 1492.34
296200 1478.97
297000 1468.37
297800 1467.8
298600 1467.83
299400 1473.73
300200 1475.78
301000 1493.88
301800 1479.13
302600 1489.51
303400 1491.56
304200 1496.49
305000 1503.28
305800 1495.82
306600 1504.97
307400 1570.55
308200 1519.88
309000 1551.19
309800 1597.45
310600 1619.73
311400 1584.41
312200 1575.95
313000 1574.36
313800 1571.9
314600 1562.15
315400 1577.83
316200 1779.19
317000 1568.79
317800 1567.61
318600 1580.36
319400 1583.64
320200 1942.82
321000 1692.73
321800 1675.2
322600 1612.45
323400 1671.94
324200 1686.1
325000 1693.52
325800 1811.9
326600 1616.41
327400 1624.05
328200 1620.91
329000 1713.3
329800 1644.52
330600 1630.38
331400 1642.52
332200 1807.97
333000 1648.25
333800 1655.22
334600 1683.51
335400 1660.12
336200 1652.55
337000 1664.39
337800 1665.79
338600 1676.69
339400 1745.16
340200 1752.64
341000 1717.51
341800 1732.11
342600 1776.21
343400 1780.52
344200 2105.57
345000 1780.94
345800 1718.07
346600 1704.17
347400 1733.37
348200 1758.23
349000 1731.28
349800 2177.54
350600 1768.43
351400 1756.84
352200 1739.37
353000 1750.66
353800 1754.12
354600 1755.15
355400 1781.67
356200 1777.09
357000 2024.13
357800 2043.99
358600 1780.42
359400 1805.13
360200 1831.5
361000 1951.94
361800 1886.24
362600 1926.6
363400 1867.51
364200 1800.8
365000 1802.34
365800 1827.7
366600 1842.24
367400 1845.46
368200 1869.73
369000 1892.43
369800 1911.09
370600 2119.15
371400 1827.25
372200 1820.17
373000 1833.17
373800 1840.04
374600 1833.79
375400 1862
376200 1890.5
377000 1853
377800 1857.25
378600 1861.92
379400 1856.22
380200 1866.7
381000 1870.81
381800 1876.35
382600 1892.86
383400 1910.47
384200 1887.72
385000 1889.01
385800 1905.89
386600 1906.94
387400 1907.17
388200 1904.94
389000 1914.04
389800 1929.83
390600 1933.79
391400 2231.41
392200 1972.85
393000 1951
393800 1964.92
394600 1965.22
395400 2053.06
396200 1958.99
397000 1960.53
397800 2105.52
398600 2037.71
399400 2027.36
400200 2019.01
401000 2122.85
401800 2075.63
402600 2118.83
403400 2090.36
404200 2016.85
405000 2013.67
405800 3138.34
406600 2393.36
407400 3021
408200 2399.58
409000 2130.83
409800 2683.77
410600 2074.37
411400 2030.45
412200 2033.17
413000 2029.94
413800 2221.99
414600 2070.22
415400 2046.37
416200 2037.94
417000 2053.38
417800 2701.18
418600 2078.14
419400 2068.12
420200 2076.95
421000 2103.82
421800 2076.8
422600 2078.72
423400 2082.9
424200 2085.09
425000 2103.05
425800 2089.97
426600 2096.9
427400 2154.74
428200 2111.32
429000 2124.17
429800 2119.47
430600 2141.42
431400 2116.18
432200 2130.94
433000 2149.85
433800 2133.04
434600 2140.28
435400 2910
436200 3588.93
437000 2272.99
437800 2304.61
438600 2252.06
439400 2243.62
440200 2181.66
441000 2185.09
441800 2231.09
442600 2401.32
443400 2215.83
444200 2187.84
445000 2185.43
445800 2214.19
446600 2199.09
447400 2205.5
448200 2219.81
449000 2204.65
449800 2245.18
450600 2214.58
451400 2211.69
452200 2256.98
453000 2234.04
453800 2265.25
454600 2234.85
455400 2231.96
456200 2239.51
457000 2250.53
457800 2243.91
458600 2253.14
459400 2258.04
460200 2310.03
461000 2285.53
461800 2272.8
462600 2532.73
463400 2382.37
464200 2294.37
465000 2283.65
465800 2317.41
466600 2350.11
467400 2371.52
468200 2309.4
469000 2304.08
469800 2327.62
470600 2608.04
471400 2346.27
472200 2332.22
473000 2327.12
473800 2424.85
474600 2544.09
475400 2326.18
476200 2346.45
477000 2349.29
477800 2347.57
478600 2345.61
479400 2357.68
480200 2361.3
481000 2373.3
481800 2367.53
482600 2771.84
483400 2403.59
484200 2990.57
485000 2461.5
485800 2429.35
486600 2389.89
487400 2398.08
488200 2389.81
489000 2427.02
489800 2448.06
490600 2537.61
491400 2419.49
492200 2490.06
493000 2441
493800 2440.34
494600 2434.58
495400 2477.46
496200 2511.82
497000 2441.89
497800 2440.64
498600 2454.17
499400 2460.29
