0 0 0
10 0 23
20 0 94
30 1 206
40 2 286
50 3 542
60 5 768
70 7 869
80 9 1157
90 12 1448
100 15 2255
110 18 2463
120 20 2730
130 27 3117
140 31 3731
150 36 4182
160 39 4525
170 46 4925
180 53 5432
190 58 5949
200 62 7950
210 67 8598
220 74 9474
230 77 9699
240 81 10399
250 90 11101
260 117 12315
270 130 13394
280 135 13797
290 139 14807
300 147 16049
310 155 16810
320 164 18527
330 173 18965
340 183 20233
350 192 21269
360 206 22153
370 218 22939
380 230 24597
390 228 30970
400 238 31954
410 250 33233
420 260 33263
430 270 33432
440 285 35910
450 295 37198
460 308 39084
470 320 39422
480 333 41930
490 349 43671
500 364 46197
510 376 47331
520 444 50719
530 458 51467
540 473 52990
550 489 53251
560 510 55748
570 527 57649
580 559 60304
590 569 62323
600 584 64326
610 603 65360
620 621 67674
630 639 67748
640 668 73855
650 671 75749
660 689 76979
670 708 78828
680 729 80406
690 751 82124
700 770 84920
710 796 86827
720 816 89516
730 837 91661
740 863 91265
750 882 92918
760 906 93949
770 874 118372
780 900 121312
790 925 124278
800 948 125007
810 965 126718
820 993 131227
830 1042 134287
840 1037 135484
850 1055 136318
860 1076 137792
870 1116 143738
880 1136 144317
890 1201 147466
900 1200 152470
910 1215 153950
920 1227 155272
930 1264 157224
940 1277 159040
950 1296 161197
960 1363 168564
970 1360 171062
980 1396 173740
990 1416 175681
1000 1439 178588
