0 0 0
10 0 29
20 0 120
30 1 250
40 2 410
50 3 670
60 5 959
70 8 1277
80 10 1729
90 13 2260
100 14 2692
110 17 3071
120 19 3515
130 25 4204
140 30 5040
150 34 5904
160 38 6585
170 42 7262
180 47 8081
190 52 9008
200 53 9792
210 58 10941
220 63 12027
230 68 12846
240 74 13803
250 80 14844
260 96 16033
270 104 17982
280 112 19210
290 119 20252
300 127 22070
310 137 24139
320 145 25861
330 153 27209
340 162 28905
350 172 30923
360 181 32207
370 191 34196
380 202 36437
390 200 37854
400 215 39293
410 218 41123
420 230 42585
430 234 44671
440 245 46662
450 256 49181
460 267 51702
470 278 53677
480 289 56223
490 304 59621
500 317 62796
510 329 64851
520 377 67051
530 391 69575
540 412 72251
550 430 74752
560 438 78164
570 469 80958
580 482 83822
590 490 86784
600 505 89675
610 532 93581
620 540 96727
630 551 99621
640 560 101701
650 578 104988
660 594 108130
670 611 111455
680 631 114093
690 648 117622
700 668 122837
710 687 126164
720 718 130342
730 786 134024
740 768 136684
750 771 140155
760 785 143015
770 745 146427
780 766 151197
790 791 155405
800 811 158088
810 830 161389
820 842 166310
830 865 171522
840 881 174470
850 902 178670
860 937 182008
870 943 186630
880 960 189257
890 985 194627
900 1003 199413
910 1022 202043
920 1043 206081
930 1064 210062
940 1086 213902
950 1109 218616
960 1153 223521
970 1181 228785
980 1181 233282
990 1205 238250
1000 1229 242847
