0 1 0
10 1 29
20 1 120
30 3 250
40 4 410
50 6 670
60 8 959
70 11 1277
80 14 1729
90 17 2260
100 20 2692
110 24 3071
120 27 3515
130 32 4204
140 37 5040
150 42 5904
160 47 6585
170 53 7262
180 58 8081
190 66 9008
200 72 9792
210 78 10941
220 86 12027
230 93 12846
240 100 13803
250 109 14844
260 116 16033
270 126 17982
280 135 19210
290 143 20252
300 153 22070
310 165 24139
320 176 25861
330 186 27209
340 197 28905
350 208 30923
360 219 32207
370 246 34196
380 259 36437
390 257 37854
400 275 39293
410 282 41123
420 296 42585
430 311 44671
440 322 46662
450 335 49181
460 353 51702
470 364 53677
480 380 56223
490 399 59621
500 421 62796
510 437 64851
520 449 67051
530 466 69575
540 480 72251
550 500 74752
560 516 78164
570 533 80958
580 556 83822
590 571 86784
600 588 89675
610 611 93581
620 634 96727
630 649 99621
640 667 101701
650 689 104988
660 707 108130
670 729 111455
680 750 114093
690 842 117622
700 819 122837
710 836 126164
720 848 130342
730 869 134024
740 891 136684
750 923 140155
760 955 143015
770 1034 146427
780 994 151197
790 1011 155405
800 1050 158088
810 1068 161389
820 1086 166310
830 1114 171522
840 1136 174470
850 1186 178670
860 1187 182008
870 1218 186630
880 1240 189257
890 1282 194627
900 1321 199413
910 1454 202043
920 1419 206081
930 1389 210062
940 1437 213902
950 1439 218616
960 1507 223521
970 1508 228785
980 1548 233282
990 1560 238250
1000 1592 242847
