0 0 0
10 0 29
20 0 120
30 1 250
40 3 410
50 5 670
60 7 959
70 9 1277
80 12 1729
90 15 2260
100 18 2692
110 21 3071
120 25 3515
130 29 4204
140 34 5040
150 38 5904
160 43 6585
170 48 7262
180 55 8081
190 60 9008
200 65 9792
210 72 10941
220 80 12027
230 87 12846
240 93 13803
250 101 14844
260 109 16033
270 118 17982
280 127 19210
290 135 20252
300 145 22070
310 156 24139
320 166 25861
330 176 27209
340 187 28905
350 198 30923
360 207 32207
370 221 34196
380 234 36437
390 244 37854
400 258 39293
410 267 41123
420 276 42585
430 291 44671
440 304 46662
450 328 49181
460 347 51702
470 347 53677
480 361 56223
490 384 59621
500 400 62796
510 418 64851
520 446 67051
530 444 69575
540 465 72251
550 509 74752
560 497 78164
570 527 80958
580 538 83822
590 628 86784
600 601 89675
610 594 93581
620 607 96727
630 631 99621
640 646 101701
650 673 104988
660 699 108130
670 710 111455
680 729 114093
690 762 117622
700 776 122837
710 797 126164
720 881 130342
730 853 134024
740 854 136684
750 872 140155
760 921 143015
770 929 146427
780 951 151197
790 985 155405
800 987 158088
810 1009 161389
820 1039 166310
830 1066 171522
840 1086 174470
850 1111 178670
860 1134 182008
870 1173 186630
880 1198 189257
890 1223 194627
900 1272 199413
910 1269 202043
920 1297 206081
930 1319 210062
940 1350 213902
950 1379 218616
960 1459 223521
970 1482 228785
980 1492 233282
990 1575 238250
1000 1543 242847
